0	5989
1	1537
2	1449
3	1403
4	1356
5	1336
6	1276
7	1341
8	1354
9	1311
10	1295
11	1261
12	1261
13	1244
14	1225
15	1255
16	1242
17	1309
18	1290
19	1347
20	1303
21	1276
22	1266
23	1181
24	1231
25	1188
26	1252
27	1176
28	1215
29	1159
30	1158
31	1172
32	1132
33	1164
34	1170
35	1157
36	1169
37	1136
38	1179
39	1134
40	1165
41	1091
42	1116
43	1025
44	1072
45	1047
46	1062
47	1053
48	1016
49	1068
50	1081
51	1042
52	1018
53	969
54	973
55	968
56	1007
57	960
58	984
59	937
60	956
61	963
62	933
63	959
64	937
65	1001
66	1029
67	1038
68	998
69	998
70	995
71	992
72	1017
73	1040
74	1072
75	1076
76	1039
77	996
78	968
79	986
80	982
81	980
82	984
83	1015
84	1038
85	1050
86	1029
87	1087
88	1036
89	1080
90	1027
91	1085
92	1079
93	1113
94	1050
95	1120
96	1074
97	1115
98	1123
99	1157
100	1155
101	1149
102	1133
103	1105
104	1103
105	1037
106	1026
107	976
108	994
109	962
110	946
111	957
112	932
113	948
114	948
115	967
116	923
117	899
118	928
119	946
120	1012
121	1000
122	1043
123	1027
124	1055
125	1007
126	1078
127	997
128	989
129	1018
130	1026
131	1024
132	1044
133	984
134	1016
135	980
136	1032
137	970
138	983
139	917
140	897
141	906
142	913
143	932
144	925
145	832
146	905
147	875
148	856
149	858
150	874
151	872
152	899
153	875
154	865
155	867
156	818
157	832
158	812
159	817
160	862
161	830
162	822
163	802
164	842
165	849
166	869
167	855
168	902
169	874
170	910
171	873
172	906
173	842
174	875
175	852
176	881
177	928
178	918
179	895
180	891
181	871
182	879
183	864
184	884
185	896
186	887
187	925
188	893
189	938
190	958
191	959
192	916
193	945
194	919
195	904
196	935
197	915
198	932
199	966
200	995
201	997
202	1021
203	1028
204	969
205	970
206	996
207	926
208	918
209	894
210	911
211	866
212	870
213	854
214	822
215	862
216	829
217	821
218	860
219	833
220	871
221	817
222	814
223	812
224	820
225	827
226	872
227	842
228	866
229	825
230	865
231	843
232	869
233	838
234	859
235	822
236	829
237	805
238	830
239	858
240	844
241	846
242	845
243	848
244	852
245	841
246	860
247	876
248	915
249	909
250	912
251	939
252	930
253	901
254	949
255	926
256	894
257	941
258	962
259	886
260	912
261	918
262	936
263	943
264	950
265	960
266	1020
267	1028
268	980
269	993
270	1043
271	1045
272	1065
273	1087
274	1022
275	1104
276	1032
277	1047
278	1010
279	975
280	944
281	929
282	901
283	884
284	847
285	839
286	810
287	755
288	771
289	749
290	771
291	795
292	816
293	861
294	831
295	857
296	826
297	817
298	797
299	777
300	798
301	778
302	798
303	774
304	797
305	845
306	790
307	795
308	799
309	825
310	829
311	777
312	768
313	812
314	829
315	810
316	789
317	791
318	773
319	818
320	777
321	762
322	755
323	730
324	719
325	704
326	702
327	677
328	694
329	721
330	690
331	687
332	708
333	690
334	737
335	726
336	702
337	667
338	644
339	670
340	691
341	711
342	707
343	723
344	710
345	757
346	746
347	757
348	731
349	726
350	710
351	699
352	683
353	674
354	701
355	686
356	699
357	675
358	723
359	700
360	697
361	678
362	688
363	694
364	682
365	700
366	681
367	663
368	657
369	642
370	650
371	646
372	667
373	690
374	701
375	710
376	690
377	699
378	711
379	705
380	670
381	673
382	660
383	664
384	649
385	668
386	646
387	637
388	628
389	621
390	616
391	604
392	605
393	618
394	616
395	622
396	616
397	630
398	585
399	589
400	604
401	602
402	630
403	618
404	654
405	662
406	651
407	640
408	637
409	641
410	621
411	606
412	635
413	637
414	620
415	618
416	629
417	663
418	654
419	647
420	680
421	658
422	648
423	663
424	675
425	660
426	683
427	659
428	678
429	657
430	663
431	667
432	641
433	607
434	587
435	574
436	604
437	582
438	602
439	584
440	573
441	592
442	589
443	595
444	601
445	584
446	584
447	591
448	575
449	578
450	601
451	625
452	606
453	634
454	600
455	583
456	594
457	598
458	592
459	609
460	589
461	598
462	557
463	550
464	564
465	580
466	587
467	614
468	573
469	568
470	560
471	545
472	587
473	570
474	609
475	579
476	571
477	579
478	554
479	598
480	567
481	599
482	576
483	611
484	573
485	619
486	629
487	591
488	619
489	619
490	607
491	617
492	598
493	601
494	578
495	577
496	587
497	587
498	595
499	569
500	606
501	570
502	615
503	605
504	618
505	622
506	614
507	598
508	596
509	582
510	579
511	560
512	564
513	580
514	520
515	556
516	530
517	522
518	505
519	502
520	497
521	509
522	508
523	510
524	536
525	519
526	522
527	526
528	536
529	541
530	581
531	594
532	592
533	597
534	601
535	599
536	617
537	613
538	613
539	599
540	612
541	592
542	588
543	566
544	592
545	592
546	616
547	636
548	628
549	630
550	622
551	642
552	629
553	634
554	604
555	621
556	602
557	626
558	601
559	615
560	639
561	594
562	636
563	664
564	664
565	660
566	686
567	697
568	680
569	695
570	693
571	688
572	673
573	669
574	648
575	641
576	650
577	643
578	648
579	651
580	671
581	648
582	676
583	669
584	649
585	654
586	649
587	648
588	655
589	602
590	622
591	599
592	537
593	561
594	564
595	561
596	569
597	565
598	599
599	590
600	592
601	577
602	608
603	580
604	587
605	593
606	578
607	558
608	557
609	557
610	580
611	548
612	574
613	557
614	541
615	562
616	562
617	561
618	552
619	546
620	547
621	565
622	559
623	573
624	575
625	570
626	524
627	556
628	559
629	578
630	556
631	542
632	549
633	582
634	539
635	542
636	536
637	545
638	533
639	547
640	538
641	538
642	537
643	557
644	547
645	569
646	547
647	582
648	556
649	560
650	510
651	496
652	472
653	493
654	459
655	464
656	480
657	464
658	468
659	469
660	457
661	497
662	452
663	443
664	435
665	443
666	447
667	458
668	445
669	440
670	451
671	437
672	442
673	431
674	428
675	416
676	440
677	437
678	440
679	415
680	432
681	410
682	419
683	413
684	437
685	459
686	460
687	436
688	452
689	458
690	475
691	486
692	517
693	503
694	522
695	549
696	556
697	550
698	553
699	582
700	562
701	564
702	546
703	576
704	531
705	536
706	508
707	546
708	524
709	540
710	538
711	546
712	597
713	594
714	617
715	657
716	612
717	658
718	595
719	631
720	596
721	653
722	612
723	619
724	586
725	576
726	601
727	578
728	610
729	577
730	600
731	589
732	597
733	593
734	590
735	579
736	575
737	578
738	569
739	552
740	570
741	549
742	549
743	553
744	543
745	579
746	538
747	579
748	532
749	556
750	520
751	535
752	537
753	522
754	545
755	556
756	545
757	525
758	548
759	567
760	580
761	559
762	583
763	520
764	531
765	536
766	529
767	551
768	532
769	560
770	540
771	553
772	569
773	566
774	593
775	570
776	593
777	582
778	569
779	573
780	557
781	573
782	554
783	572
784	597
785	587
786	584
787	596
788	578
789	534
790	521
791	511
792	556
793	531
794	568
795	583
796	603
797	606
798	611
799	612
800	581
801	619
802	598
803	634
804	632
805	641
806	675
807	688
808	652
809	642
810	635
811	647
812	686
813	649
814	659
815	634
816	659
817	654
818	623
819	628
820	614
821	622
822	627
823	632
824	641
825	605
826	612
827	618
828	629
829	624
830	610
831	607
832	610
833	613
834	585
835	596
836	593
837	635
838	629
839	654
840	657
841	657
842	612
843	643
844	639
845	660
846	661
847	628
848	631
849	604
850	649
851	585
852	630
853	604
854	622
855	608
856	598
857	595
858	617
859	594
860	595
861	590
862	611
863	586
864	644
865	622
866	661
867	620
868	618
869	622
870	628
871	609
872	663
873	602
874	610
875	592
876	618
877	617
878	639
879	627
880	623
881	577
882	620
883	618
884	606
885	592
886	592
887	601
888	555
889	562
890	544
891	538
892	551
893	566
894	564
895	574
896	614
897	618
898	625
899	622
900	599
901	598
902	588
903	561
904	565
905	571
906	568
907	566
908	569
909	571
910	587
911	570
912	570
913	588
914	581
915	578
916	584
917	574
918	577
919	593
920	588
921	626
922	611
923	629
924	628
925	620
926	641
927	633
928	672
929	645
930	658
931	626
932	684
933	615
934	577
935	606
936	602
937	605
938	638
939	631
940	697
941	626
942	627
943	599
944	613
945	632
946	595
947	582
948	605
949	569
950	604
951	595
952	610
953	580
954	553
955	538
956	530
957	522
958	538
959	511
960	531
961	512
962	493
963	493
964	466
965	467
966	472
967	462
968	456
969	441
970	461
971	439
972	456
973	463
974	461
975	472
976	460
977	480
978	475
979	454
980	474
981	441
982	479
983	437
984	461
985	438
986	446
987	445
988	422
989	418
990	425
991	414
992	435
993	418
994	463
995	445
996	460
997	444
998	461
999	472
1000	413
1001	434
1002	394
1003	388
1004	378
1005	381
1006	393
1007	412
1008	418
1009	418
1010	416
1011	406
1012	403
1013	396
1014	400
1015	392
1016	400
1017	412
1018	389
1019	388
1020	395
1021	383
1022	391
1023	392
1024	377
1025	402
1026	399
1027	405
1028	414
1029	397
1030	403
1031	395
1032	406
1033	417
1034	408
1035	415
1036	415
1037	425
1038	419
1039	455
1040	444
1041	450
1042	453
1043	488
1044	443
1045	439
1046	425
1047	444
1048	430
1049	434
1050	433
1051	442
1052	446
1053	454
1054	443
1055	437
1056	457
1057	463
1058	470
1059	482
1060	467
1061	470
1062	476
1063	471
1064	501
1065	497
1066	492
1067	543
1068	512
1069	521
1070	503
1071	512
1072	509
1073	500
1074	509
1075	526
1076	504
1077	513
1078	513
1079	520
1080	517
1081	536
1082	514
1083	508
1084	519
1085	479
1086	490
1087	491
1088	475
1089	485
1090	480
1091	473
1092	443
1093	449
1094	434
1095	440
1096	436
1097	428
1098	424
1099	443
1100	444
1101	459
1102	452
1103	460
1104	463
1105	469
1106	467
1107	455
1108	482
1109	464
1110	472
1111	480
1112	471
1113	465
1114	462
1115	461
1116	448
1117	445
1118	470
1119	453
1120	456
1121	461
1122	433
1123	442
1124	422
1125	429
1126	426
1127	439
1128	441
1129	442
1130	446
1131	437
1132	445
1133	438
1134	435
1135	450
1136	449
1137	437
1138	454
1139	439
1140	453
1141	436
1142	442
1143	440
1144	447
1145	458
1146	452
1147	472
1148	474
1149	481
1150	500
1151	497
1152	517
1153	506
1154	521
1155	490
1156	489
1157	485
1158	481
1159	480
1160	486
1161	483
1162	498
1163	504
1164	514
1165	509
1166	525
1167	497
1168	495
1169	494
1170	482
1171	498
1172	463
1173	465
1174	467
1175	457
1176	466
1177	459
1178	466
1179	467
1180	465
1181	445
1182	468
1183	460
1184	483
1185	471
1186	488
1187	473
1188	481
1189	471
1190	456
1191	454
1192	458
1193	471
1194	469
1195	473
1196	476
1197	483
1198	467
1199	461
1200	469
1201	456
1202	466
1203	453
1204	450
1205	441
1206	464
1207	466
1208	477
1209	471
1210	479
1211	468
1212	469
1213	466
1214	461
1215	454
1216	468
1217	455
1218	463
1219	422
1220	414
1221	403
1222	404
1223	404
1224	390
1225	402
1226	388
1227	402
1228	387
1229	377
1230	383
1231	377
1232	373
1233	381
1234	390
1235	378
1236	387
1237	390
1238	384
1239	409
1240	392
1241	404
1242	408
1243	409
1244	438
1245	412
1246	428
1247	407
1248	423
1249	402
1250	416
1251	394
1252	405
1253	384
1254	386
1255	398
1256	406
1257	416
1258	395
1259	402
1260	404
1261	405
1262	406
1263	407
1264	398
1265	392
1266	374
1267	373
1268	370
1269	373
1270	361
1271	361
1272	373
1273	352
1274	366
1275	363
1276	366
1277	364
1278	375
1279	359
1280	369
1281	384
1282	375
1283	392
1284	382
1285	373
1286	375
1287	360
1288	359
1289	355
1290	374
1291	359
1292	371
1293	367
1294	373
1295	371
1296	380
1297	379
1298	378
1299	411
1300	403
1301	426
1302	427
1303	413
1304	413
1305	413
1306	385
1307	376
1308	386
1309	384
1310	410
1311	383
1312	397
1313	394
1314	407
1315	402
1316	399
1317	406
1318	415
1319	425
1320	431
1321	433
1322	427
1323	408
1324	402
1325	400
1326	410
1327	426
1328	428
1329	446
1330	432
1331	465
1332	449
1333	455
1334	434
1335	437
1336	444
1337	434
1338	435
1339	450
1340	427
1341	424
1342	435
1343	440
1344	448
1345	438
1346	445
1347	448
1348	465
1349	462
1350	468
1351	488
1352	496
1353	514
1354	495
1355	474
1356	467
1357	482
1358	464
1359	473
1360	463
1361	510
1362	473
1363	494
1364	462
1365	464
1366	453
1367	436
1368	466
1369	432
1370	468
1371	433
1372	439
1373	442
1374	437
1375	451
1376	442
1377	452
1378	437
1379	466
1380	471
1381	461
1382	473
1383	465
1384	503
1385	468
1386	484
1387	456
1388	461
1389	447
1390	474
1391	433
1392	429
1393	427
1394	432
1395	431
1396	457
1397	436
1398	433
1399	435
1400	450
1401	466
1402	468
1403	464
1404	481
1405	487
1406	502
1407	512
1408	498
1409	526
1410	518
1411	523
1412	499
1413	511
1414	517
1415	534
1416	528
1417	542
1418	536
1419	538
1420	553
1421	547
1422	555
1423	569
1424	530
1425	544
1426	518
1427	530
1428	537
1429	553
1430	510
1431	541
1432	504
1433	519
1434	523
1435	523
1436	523
1437	522
1438	504
1439	522
1440	541
1441	538
1442	534
1443	519
1444	527
1445	536
1446	523
1447	505
1448	502
1449	515
1450	487
1451	521
1452	504
1453	533
1454	526
1455	545
1456	546
1457	546
1458	526
1459	533
1460	548
1461	561
1462	564
1463	537
1464	584
1465	552
1466	549
1467	548
1468	534
1469	507
1470	508
1471	510
1472	504
1473	545
1474	513
1475	520
1476	517
1477	519
1478	542
1479	504
1480	547
1481	508
1482	501
1483	525
1484	489
1485	494
1486	495
1487	488
1488	482
1489	509
1490	518
1491	526
1492	520
1493	522
1494	517
1495	515
1496	495
1497	473
1498	456
1499	451
