0	7516
1	394
2	228
3	171
4	156
5	130
6	117
7	121
8	130
9	147
10	147
11	173
12	153
13	146
14	158
15	172
16	168
17	159
18	156
19	153
20	160
21	166
22	142
23	153
24	128
25	130
26	131
27	136
28	143
29	145
30	157
31	150
32	138
33	137
34	135
35	134
36	132
37	141
38	140
39	145
40	138
41	150
42	139
43	154
44	141
45	137
46	133
47	135
48	134
49	146
50	134
51	128
52	134
53	123
54	129
55	113
56	107
57	105
58	107
59	111
60	112
61	117
62	117
63	105
64	101
65	101
66	102
67	103
68	103
69	103
70	103
71	103
72	103
73	103
74	103
75	103
76	103
77	103
78	103
79	103
80	103
81	103
82	103
83	103
84	103
85	103
86	103
87	103
88	103
89	103
90	103
91	103
92	103
93	103
94	103
95	103
96	103
97	103
98	103
99	103
100	103
101	103
102	103
103	103
104	103
105	103
106	103
107	103
108	103
109	103
110	103
111	103
112	103
113	103
114	103
115	103
116	103
117	103
118	103
119	103
120	103
121	103
122	103
123	103
124	103
125	103
126	103
127	103
128	103
129	103
130	103
131	103
132	103
133	103
134	103
135	103
136	103
137	103
138	103
139	103
140	103
141	103
142	103
143	103
144	103
145	103
146	103
147	103
148	103
149	103
150	103
151	103
152	103
153	103
154	103
155	103
156	103
157	103
158	103
159	103
160	103
161	103
162	103
163	103
164	103
165	103
166	103
167	103
168	103
169	103
170	103
171	103
172	103
173	103
174	103
175	103
176	103
177	103
178	103
179	103
180	103
181	103
182	103
183	103
184	103
185	103
186	103
187	103
188	103
189	103
190	103
191	103
192	103
193	103
194	103
195	103
196	103
197	103
198	103
199	103
200	103
201	103
202	103
203	103
204	103
205	103
206	103
207	103
208	103
209	103
210	103
211	103
212	103
213	103
214	103
215	103
216	103
217	103
218	103
219	103
220	103
221	103
222	103
223	103
224	103
225	103
226	103
227	103
228	103
229	103
230	103
231	103
232	103
233	103
234	103
235	103
236	103
237	103
238	103
239	103
240	103
241	103
242	103
243	103
244	103
245	103
246	103
247	103
248	103
249	103
250	103
251	103
252	103
253	103
254	103
255	103
256	103
257	103
258	103
259	103
260	103
261	103
262	103
263	103
264	103
265	103
266	103
267	103
268	103
269	103
270	103
271	103
272	103
273	103
274	103
275	103
276	103
277	103
278	103
279	103
280	103
281	103
282	103
283	103
284	103
285	103
286	103
287	103
288	103
289	103
290	103
291	103
292	103
293	103
294	103
295	103
296	103
297	103
298	103
299	103
300	103
301	103
302	103
303	103
304	103
305	103
306	103
307	103
308	103
309	103
310	103
311	103
312	103
313	103
314	103
315	103
316	103
317	103
318	103
319	103
320	103
321	103
322	103
323	103
324	103
325	103
326	103
327	103
328	103
329	103
330	103
331	103
332	103
333	103
334	103
335	103
336	103
337	103
338	103
339	103
340	103
341	103
342	103
343	103
344	103
345	103
346	103
347	103
348	103
349	103
350	103
351	103
352	103
353	103
354	103
355	103
356	103
357	103
358	103
359	103
360	103
361	103
362	103
363	103
364	103
365	103
366	103
367	103
368	103
369	103
370	103
371	103
372	103
373	103
374	103
375	103
376	103
377	103
378	103
379	103
380	103
381	103
382	103
383	103
384	103
385	103
386	103
387	103
388	103
389	103
390	103
391	103
392	103
393	103
394	103
395	103
396	103
397	103
398	103
399	103
400	103
401	103
402	103
403	103
404	103
405	103
406	103
407	103
408	103
409	103
410	103
411	103
412	103
413	103
414	103
415	103
416	103
417	103
418	103
419	103
420	103
421	103
422	103
423	103
424	103
425	103
426	103
427	103
428	103
429	103
430	103
431	103
432	103
433	103
434	103
435	103
436	103
437	103
438	103
439	103
440	103
441	103
442	103
443	103
444	103
445	103
446	103
447	103
448	103
449	103
450	103
451	103
452	103
453	103
454	103
455	103
456	103
457	103
458	103
459	103
460	103
461	103
462	103
463	103
464	103
465	103
466	103
467	103
468	103
469	103
470	103
471	103
472	103
473	103
474	103
475	103
476	103
477	103
478	103
479	103
480	103
481	103
482	103
483	103
484	103
485	103
486	103
487	103
488	103
489	103
490	103
491	103
492	103
493	103
494	103
495	103
496	103
497	103
498	103
499	103
500	103
501	103
502	103
503	103
504	103
505	103
506	103
507	103
508	103
509	103
510	103
511	103
512	103
513	103
514	103
515	103
516	103
517	103
518	103
519	103
520	103
521	103
522	103
523	103
524	103
525	103
526	103
527	103
528	103
529	103
530	103
531	103
532	103
533	103
534	103
535	103
536	103
537	103
538	103
539	103
540	103
541	103
542	103
543	103
544	103
545	103
546	103
547	103
548	103
549	103
550	103
551	103
552	103
553	103
554	103
555	103
556	103
557	103
558	103
559	103
560	103
561	103
562	103
563	103
564	103
565	103
566	103
567	103
568	103
569	103
570	103
571	103
572	103
573	103
574	103
575	103
576	103
577	103
578	103
579	103
580	103
581	103
582	103
583	103
584	103
585	103
586	103
587	103
588	103
589	103
590	103
591	103
592	103
593	103
594	103
595	103
596	103
597	103
598	103
599	103
600	103
601	103
602	103
603	103
604	103
605	103
606	103
607	103
608	103
609	103
610	103
611	103
612	103
613	103
614	103
615	103
616	103
617	103
618	103
619	103
620	103
621	103
622	103
623	103
624	103
625	103
626	103
627	103
628	103
629	103
630	103
631	103
632	103
633	103
634	103
635	103
636	103
637	103
638	103
639	103
640	103
641	103
642	103
643	103
644	103
645	103
646	103
647	103
648	103
649	103
650	103
651	103
652	103
653	103
654	103
655	103
656	103
657	103
658	103
659	103
660	103
661	103
662	103
663	103
664	103
665	103
666	103
667	103
668	103
669	103
670	103
671	103
672	103
673	103
674	103
675	103
676	103
677	103
678	103
679	103
680	103
681	103
682	103
683	103
684	103
685	103
686	103
687	103
688	103
689	103
690	103
691	103
692	103
693	103
694	103
695	103
696	103
697	103
698	103
699	103
700	103
701	103
702	103
703	103
704	103
705	103
706	103
707	103
708	103
709	103
710	103
711	103
712	103
713	103
714	103
715	103
716	103
717	103
718	103
719	103
720	103
721	103
722	103
723	103
724	103
725	103
726	103
727	103
728	103
729	103
730	103
731	103
732	103
733	103
734	103
735	103
736	103
737	103
738	103
739	103
740	103
741	103
742	103
743	103
744	103
745	103
746	103
747	103
748	103
749	103
750	103
751	103
752	103
753	103
754	103
755	103
756	103
757	103
758	103
759	103
760	103
761	103
762	103
763	103
764	103
765	103
766	103
767	103
768	103
769	103
770	103
771	103
772	103
773	103
774	103
775	103
776	103
777	103
778	103
779	103
780	103
781	103
782	103
783	103
784	103
785	103
786	103
787	103
788	103
789	103
790	103
791	103
792	103
793	103
794	103
795	103
796	103
797	103
798	103
799	103
800	103
801	103
802	103
803	103
804	103
805	103
806	103
807	103
808	103
809	103
810	103
811	103
812	103
813	103
814	103
815	103
816	103
817	103
818	103
819	103
820	103
821	103
822	103
823	103
824	103
825	103
826	103
827	103
828	103
829	103
830	103
831	103
832	103
833	103
834	103
835	103
836	103
837	103
838	103
839	103
840	103
841	103
842	103
843	103
844	103
845	103
846	103
847	103
848	103
849	103
850	103
851	103
852	103
853	103
854	103
855	103
856	103
857	103
858	103
859	103
860	103
861	103
862	103
863	103
864	103
865	103
866	103
867	103
868	103
869	103
870	103
871	103
872	103
873	103
874	103
875	103
876	103
877	103
878	103
879	103
880	103
881	103
882	103
883	103
884	103
885	103
886	103
887	103
888	103
889	103
890	103
891	103
892	103
893	103
894	103
895	103
896	103
897	103
898	103
899	103
900	103
901	103
902	103
903	103
904	103
905	103
906	103
907	103
908	103
909	103
910	103
911	103
912	103
913	103
914	103
915	103
916	103
917	103
918	103
919	103
920	103
921	103
922	103
923	103
924	103
925	103
926	103
927	103
928	103
929	103
930	103
931	103
932	103
933	103
934	103
935	103
936	103
937	103
938	103
939	103
940	103
941	103
942	103
943	103
944	103
945	103
946	103
947	103
948	103
949	103
950	103
951	103
952	103
953	103
954	103
955	103
956	103
957	103
958	103
959	103
960	103
961	103
962	103
963	103
964	103
965	103
966	103
967	103
968	103
969	103
970	103
971	103
972	103
973	103
974	103
975	103
976	103
977	103
978	103
979	103
980	103
981	103
982	103
983	103
984	103
985	103
986	103
987	103
988	103
989	103
990	103
991	103
992	103
993	103
994	103
995	103
996	103
997	103
998	103
999	103
1000	103
1001	103
1002	103
1003	103
1004	103
1005	103
1006	103
1007	103
1008	103
1009	103
1010	103
1011	103
1012	103
1013	103
1014	103
1015	103
1016	103
1017	103
1018	103
1019	103
1020	103
1021	103
1022	103
1023	103
1024	103
1025	103
1026	103
1027	103
1028	103
1029	103
1030	103
1031	103
1032	103
1033	103
1034	103
1035	103
1036	103
1037	103
1038	103
1039	103
1040	103
1041	103
1042	103
1043	103
1044	103
1045	103
1046	103
1047	103
1048	103
1049	103
1050	103
1051	103
1052	103
1053	103
1054	103
1055	103
1056	103
1057	103
1058	103
1059	103
1060	103
1061	103
1062	103
1063	103
1064	103
1065	103
1066	103
1067	103
1068	103
1069	103
1070	103
1071	103
1072	103
1073	103
1074	103
1075	103
1076	103
1077	103
1078	103
1079	103
1080	103
1081	103
1082	103
1083	103
1084	103
1085	103
1086	103
1087	103
1088	103
1089	103
1090	103
1091	103
1092	103
1093	103
1094	103
1095	103
1096	103
1097	103
1098	103
1099	103
1100	103
1101	103
1102	103
1103	103
1104	103
1105	103
1106	103
1107	103
1108	103
1109	103
1110	103
1111	103
1112	103
1113	103
1114	103
1115	103
1116	103
1117	103
1118	103
1119	103
1120	103
1121	103
1122	103
1123	103
1124	103
1125	103
1126	103
1127	103
1128	103
1129	103
1130	103
1131	103
1132	103
1133	103
1134	103
1135	103
1136	103
1137	103
1138	103
1139	103
1140	103
1141	103
1142	103
1143	103
1144	103
1145	103
1146	103
1147	103
1148	103
1149	103
1150	103
1151	103
1152	103
1153	103
1154	103
1155	103
1156	103
1157	103
1158	103
1159	103
1160	103
1161	103
1162	103
1163	103
1164	103
1165	103
1166	103
1167	103
1168	103
1169	103
1170	103
1171	103
1172	103
1173	103
1174	103
1175	103
1176	103
1177	103
1178	103
1179	103
1180	103
1181	103
1182	103
1183	103
1184	103
1185	103
1186	103
1187	103
1188	103
1189	103
1190	103
1191	103
1192	103
1193	103
1194	103
1195	103
1196	103
1197	103
1198	103
1199	103
1200	103
1201	103
1202	103
1203	103
1204	103
1205	103
1206	103
1207	103
1208	103
1209	103
1210	103
1211	103
1212	103
1213	103
1214	103
1215	103
1216	103
1217	103
1218	103
1219	103
1220	103
1221	103
1222	103
1223	103
1224	103
1225	103
1226	103
1227	103
1228	103
1229	103
1230	103
1231	103
1232	103
1233	103
1234	103
1235	103
1236	103
1237	103
1238	103
1239	103
1240	103
1241	103
1242	103
1243	103
1244	103
1245	103
1246	103
1247	103
1248	103
1249	103
1250	103
1251	103
1252	103
1253	103
1254	103
1255	103
1256	103
1257	103
1258	103
1259	103
1260	103
1261	103
1262	103
1263	103
1264	103
1265	103
1266	103
1267	103
1268	103
1269	103
1270	103
1271	103
1272	103
1273	103
1274	103
1275	103
1276	103
1277	103
1278	103
1279	103
1280	103
1281	103
1282	103
1283	103
1284	103
1285	103
1286	103
1287	103
1288	103
1289	103
1290	103
1291	103
1292	103
1293	103
1294	103
1295	103
1296	103
1297	103
1298	103
1299	103
1300	103
1301	103
1302	103
1303	103
1304	103
1305	103
1306	103
1307	103
1308	103
1309	103
1310	103
1311	103
1312	103
1313	103
1314	103
1315	103
1316	103
1317	103
1318	103
1319	103
1320	103
1321	103
1322	103
1323	103
1324	103
1325	103
1326	103
1327	103
1328	103
1329	103
1330	103
1331	103
1332	103
1333	103
1334	103
1335	103
1336	103
1337	103
1338	103
1339	103
1340	103
1341	103
1342	103
1343	103
1344	103
1345	103
1346	103
1347	103
1348	103
1349	103
1350	103
1351	103
1352	103
1353	103
1354	103
1355	103
1356	103
1357	103
1358	103
1359	103
1360	103
1361	103
1362	103
1363	103
1364	103
1365	103
1366	103
1367	103
1368	103
1369	103
1370	103
1371	103
1372	103
1373	103
1374	103
1375	103
1376	103
1377	103
1378	103
1379	103
1380	103
1381	103
1382	103
1383	103
1384	103
1385	103
1386	103
1387	103
1388	103
1389	103
1390	103
1391	103
1392	103
1393	103
1394	103
1395	103
1396	103
1397	103
1398	103
1399	103
1400	103
1401	103
1402	103
1403	103
1404	103
1405	103
1406	103
1407	103
1408	103
1409	103
1410	103
1411	103
1412	103
1413	103
1414	103
1415	103
1416	103
1417	103
1418	103
1419	103
1420	103
1421	103
1422	103
1423	103
1424	103
1425	103
1426	103
1427	103
1428	103
1429	103
1430	103
1431	103
1432	103
1433	103
1434	103
1435	103
1436	103
1437	103
1438	103
1439	103
1440	103
1441	103
1442	103
1443	103
1444	103
1445	103
1446	103
1447	103
1448	103
1449	103
1450	103
1451	103
1452	103
1453	103
1454	103
1455	103
1456	103
1457	103
1458	103
1459	103
1460	103
1461	103
1462	103
1463	103
1464	103
1465	103
1466	103
1467	103
1468	103
1469	103
1470	103
1471	103
1472	103
1473	103
1474	103
1475	103
1476	103
1477	103
1478	103
1479	103
1480	103
1481	103
1482	103
1483	103
1484	103
1485	103
1486	103
1487	103
1488	103
1489	103
1490	103
1491	103
1492	103
1493	103
1494	103
1495	103
1496	103
1497	103
1498	103
1499	103
