0	1009
1	451
2	365
3	335
4	337
5	334
6	365
7	376
8	393
9	393
10	412
11	411
12	407
13	409
14	433
15	454
16	484
17	450
18	467
19	474
20	481
21	508
22	486
23	531
24	512
25	543
26	523
27	554
28	568
29	538
30	567
31	550
32	564
33	561
34	550
35	544
36	558
37	511
38	522
39	493
40	504
41	524
42	540
43	538
44	558
45	534
46	556
47	530
48	580
49	544
50	560
51	548
52	597
53	574
54	603
55	567
56	595
57	554
58	561
59	569
60	593
61	555
62	564
63	571
64	549
65	570
66	547
67	541
68	524
69	546
70	518
71	543
72	565
73	551
74	545
75	557
76	552
77	585
78	605
79	607
80	601
81	581
82	587
83	569
84	558
85	572
86	571
87	585
88	564
89	606
90	602
91	597
92	621
93	614
94	623
95	628
96	637
97	617
98	613
99	612
100	602
101	617
102	611
103	611
104	630
105	568
106	565
107	575
108	596
109	576
110	569
111	558
112	567
113	568
114	562
115	561
116	533
117	537
118	551
119	561
120	564
121	569
122	581
123	545
124	591
125	568
126	590
127	591
128	568
129	566
130	555
131	567
132	543
133	558
134	576
135	586
136	581
137	569
138	570
139	573
140	558
141	584
142	560
143	588
144	555
145	549
146	554
147	546
148	534
149	519
150	547
151	525
152	530
153	551
154	520
155	529
156	480
157	495
158	488
159	478
160	469
161	470
162	481
163	467
164	486
165	469
166	472
167	470
168	465
169	468
170	463
171	491
172	463
173	494
174	468
175	462
176	464
177	484
178	456
179	445
180	468
181	464
182	472
183	472
184	462
185	469
186	476
187	441
188	464
189	456
190	467
191	451
192	475
193	456
194	437
195	452
196	458
197	477
198	469
199	485
200	469
201	493
202	502
203	487
204	523
205	484
206	462
207	457
208	478
209	469
210	459
211	440
212	435
213	438
214	428
215	428
216	422
217	438
218	418
219	412
220	399
221	409
222	410
223	413
224	393
225	434
226	398
227	404
228	394
229	414
230	408
231	402
232	387
233	383
234	391
235	397
236	383
237	372
238	390
239	386
240	405
241	397
242	399
243	396
244	396
245	393
246	398
247	379
248	405
249	394
250	393
251	390
252	387
253	396
254	374
255	384
256	391
257	372
258	377
259	362
260	382
261	369
262	376
263	356
264	362
265	357
266	365
267	366
268	375
269	358
270	385
271	385
272	379
273	391
274	356
275	368
276	360
277	376
278	368
279	376
280	347
281	350
282	356
283	336
284	334
285	328
286	337
287	327
288	314
289	322
290	316
291	314
292	314
293	327
294	324
295	334
296	324
297	332
298	325
299	318
300	340
301	325
302	332
303	314
304	331
305	312
306	313
307	314
308	316
309	301
310	296
311	294
312	301
313	293
314	301
315	287
316	304
317	296
318	287
319	284
320	292
321	301
322	309
323	316
324	313
325	315
326	311
327	323
328	315
329	322
330	320
331	322
332	336
333	338
334	325
335	342
336	322
337	316
338	307
339	307
340	312
341	320
342	333
343	316
344	318
345	314
346	329
347	317
348	338
349	338
350	357
351	351
352	356
353	378
354	347
355	343
356	345
357	344
358	343
359	332
360	334
361	340
362	322
363	337
364	329
365	346
366	350
367	348
368	378
369	365
370	368
371	352
372	360
373	365
374	381
375	380
376	405
377	394
378	380
379	379
380	358
381	360
382	374
383	364
384	384
385	368
386	363
387	349
388	343
389	339
390	357
391	318
392	326
393	316
394	314
395	305
396	313
397	305
398	295
399	306
400	302
401	317
402	313
403	305
404	306
405	309
406	323
407	320
408	325
409	328
410	344
411	318
412	342
413	342
414	336
415	325
416	328
417	328
418	321
419	301
420	302
421	300
422	294
423	288
424	295
425	298
426	308
427	296
428	301
429	297
430	286
431	283
432	273
433	283
434	279
435	273
436	280
437	280
438	290
439	281
440	299
441	294
442	291
443	297
444	289
445	293
446	304
447	300
448	317
449	302
450	318
451	300
452	298
453	298
454	297
455	300
456	287
457	308
458	287
459	293
460	283
461	288
462	295
463	299
464	294
465	278
466	276
467	276
468	274
469	278
470	278
471	282
472	282
473	279
474	274
475	270
476	274
477	270
478	273
479	284
480	285
481	289
482	281
483	294
484	281
485	288
486	293
487	291
488	284
489	283
490	282
491	280
492	285
493	293
494	305
495	299
496	305
497	314
498	320
499	328
500	330
501	326
502	330
503	329
504	332
505	348
506	340
507	338
508	326
509	345
510	338
511	342
512	344
513	351
514	354
515	366
516	342
517	354
518	340
519	353
520	342
521	354
522	339
523	361
524	352
525	357
526	349
527	347
528	335
529	345
530	337
531	338
532	365
533	344
534	356
535	357
536	362
537	361
538	364
539	348
540	355
541	353
542	363
543	349
544	357
545	351
546	356
547	364
548	345
549	338
550	333
551	330
552	346
553	327
554	339
555	323
556	313
557	316
558	320
559	326
560	318
561	319
562	314
563	309
564	306
565	326
566	322
567	314
568	329
569	314
570	326
571	322
572	335
573	319
574	328
575	323
576	316
577	320
578	310
579	313
580	300
581	299
582	299
583	300
584	310
585	310
586	303
587	317
588	300
589	315
590	320
591	307
592	334
593	319
594	321
595	297
596	298
597	306
598	302
599	311
600	322
601	311
602	314
603	310
604	305
605	307
606	306
607	309
608	305
609	291
610	300
611	293
612	322
613	292
614	278
615	280
616	289
617	286
618	294
619	293
620	314
621	311
622	312
623	299
624	303
625	305
626	310
627	279
628	283
629	277
630	277
631	278
632	282
633	285
634	286
635	282
636	286
637	278
638	285
639	280
640	275
641	269
642	264
643	267
644	266
645	265
646	271
647	266
648	268
649	270
650	274
651	269
652	275
653	268
654	276
655	268
656	266
657	266
658	262
659	265
660	265
661	260
662	258
663	256
664	256
665	252
666	251
667	253
668	251
669	250
670	252
671	252
672	256
673	256
674	264
675	256
676	256
677	256
678	256
679	256
680	256
681	256
682	256
683	256
684	256
685	256
686	256
687	256
688	256
689	256
690	256
691	256
692	256
693	256
694	256
695	256
696	256
697	256
698	256
699	256
700	256
701	256
702	256
703	256
704	256
705	256
706	256
707	256
708	256
709	256
710	256
711	256
712	256
713	256
714	256
715	256
716	256
717	256
718	256
719	256
720	256
721	256
722	256
723	256
724	256
725	256
726	256
727	256
728	256
729	256
730	256
731	256
732	256
733	256
734	256
735	256
736	256
737	256
738	256
739	256
740	256
741	256
742	256
743	256
744	256
745	256
746	256
747	256
748	256
749	256
750	256
751	256
752	256
753	256
754	256
755	256
756	256
757	256
758	256
759	256
760	256
761	256
762	256
763	256
764	256
765	256
766	256
767	256
768	256
769	256
770	256
771	256
772	256
773	256
774	256
775	256
776	256
777	256
778	256
779	256
780	256
781	256
782	256
783	256
784	256
785	256
786	256
787	256
788	256
789	256
790	256
791	256
792	256
793	256
794	256
795	256
796	256
797	256
798	256
799	256
800	256
801	256
802	256
803	256
804	256
805	256
806	256
807	256
808	256
809	256
810	256
811	256
812	256
813	256
814	256
815	256
816	256
817	256
818	256
819	256
820	256
821	256
822	256
823	256
824	256
825	256
826	256
827	256
828	256
829	256
830	256
831	256
832	256
833	256
834	256
835	256
836	256
837	256
838	256
839	256
840	256
841	256
842	256
843	256
844	256
845	256
846	256
847	256
848	256
849	256
850	256
851	256
852	256
853	256
854	256
855	256
856	256
857	256
858	256
859	256
860	256
861	256
862	256
863	256
864	256
865	256
866	256
867	256
868	256
869	256
870	256
871	256
872	256
873	256
874	256
875	256
876	256
877	256
878	256
879	256
880	256
881	256
882	256
883	256
884	256
885	256
886	256
887	256
888	256
889	256
890	256
891	256
892	256
893	256
894	256
895	256
896	256
897	256
898	256
899	256
900	256
901	256
902	256
903	256
904	256
905	256
906	256
907	256
908	256
909	256
910	256
911	256
912	256
913	256
914	256
915	256
916	256
917	256
918	256
919	256
920	256
921	256
922	256
923	256
924	256
925	256
926	256
927	256
928	256
929	256
930	256
931	256
932	256
933	256
934	256
935	256
936	256
937	256
938	256
939	256
940	256
941	256
942	256
943	256
944	256
945	256
946	256
947	256
948	256
949	256
950	256
951	256
952	256
953	256
954	256
955	256
956	256
957	256
958	256
959	256
960	256
961	256
962	256
963	256
964	256
965	256
966	256
967	256
968	256
969	256
970	256
971	256
972	256
973	256
974	256
975	256
976	256
977	256
978	256
979	256
980	256
981	256
982	256
983	256
984	256
985	256
986	256
987	256
988	256
989	256
990	256
991	256
992	256
993	256
994	256
995	256
996	256
997	256
998	256
999	256
1000	256
1001	256
1002	256
1003	256
1004	256
1005	256
1006	256
1007	256
1008	256
1009	256
1010	256
1011	256
1012	256
1013	256
1014	256
1015	256
1016	256
1017	256
1018	256
1019	256
1020	256
1021	256
1022	256
1023	256
1024	256
1025	256
1026	256
1027	256
1028	256
1029	256
1030	256
1031	256
1032	256
1033	256
1034	256
1035	256
1036	256
1037	256
1038	256
1039	256
1040	256
1041	256
1042	256
1043	256
1044	256
1045	256
1046	256
1047	256
1048	256
1049	256
1050	256
1051	256
1052	256
1053	256
1054	256
1055	256
1056	256
1057	256
1058	256
1059	256
1060	256
1061	256
1062	256
1063	256
1064	256
1065	256
1066	256
1067	256
1068	256
1069	256
1070	256
1071	256
1072	256
1073	256
1074	256
1075	256
1076	256
1077	256
1078	256
1079	256
1080	256
1081	256
1082	256
1083	256
1084	256
1085	256
1086	256
1087	256
1088	256
1089	256
1090	256
1091	256
1092	256
1093	256
1094	256
1095	256
1096	256
1097	256
1098	256
1099	256
1100	256
1101	256
1102	256
1103	256
1104	256
1105	256
1106	256
1107	256
1108	256
1109	256
1110	256
1111	256
1112	256
1113	256
1114	256
1115	256
1116	256
1117	256
1118	256
1119	256
1120	256
1121	256
1122	256
1123	256
1124	256
1125	256
1126	256
1127	256
1128	256
1129	256
1130	256
1131	256
1132	256
1133	256
1134	256
1135	256
1136	256
1137	256
1138	256
1139	256
1140	256
1141	256
1142	256
1143	256
1144	256
1145	256
1146	256
1147	256
1148	256
1149	256
1150	256
1151	256
1152	256
1153	256
1154	256
1155	256
1156	256
1157	256
1158	256
1159	256
1160	256
1161	256
1162	256
1163	256
1164	256
1165	256
1166	256
1167	256
1168	256
1169	256
1170	256
1171	256
1172	256
1173	256
1174	256
1175	256
1176	256
1177	256
1178	256
1179	256
1180	256
1181	256
1182	256
1183	256
1184	256
1185	256
1186	256
1187	256
1188	256
1189	256
1190	256
1191	256
1192	256
1193	256
1194	256
1195	256
1196	256
1197	256
1198	256
1199	256
1200	256
1201	256
1202	256
1203	256
1204	256
1205	256
1206	256
1207	256
1208	256
1209	256
1210	256
1211	256
1212	256
1213	256
1214	256
1215	256
1216	256
1217	256
1218	256
1219	256
1220	256
1221	256
1222	256
1223	256
1224	256
1225	256
1226	256
1227	256
1228	256
1229	256
1230	256
1231	256
1232	256
1233	256
1234	256
1235	256
1236	256
1237	256
1238	256
1239	256
1240	256
1241	256
1242	256
1243	256
1244	256
1245	256
1246	256
1247	256
1248	256
1249	256
1250	256
1251	256
1252	256
1253	256
1254	256
1255	256
1256	256
1257	256
1258	256
1259	256
1260	256
1261	256
1262	256
1263	256
1264	256
1265	256
1266	256
1267	256
1268	256
1269	256
1270	256
1271	256
1272	256
1273	256
1274	256
1275	256
1276	256
1277	256
1278	256
1279	256
1280	256
1281	256
1282	256
1283	256
1284	256
1285	256
1286	256
1287	256
1288	256
1289	256
1290	256
1291	256
1292	256
1293	256
1294	256
1295	256
1296	256
1297	256
1298	256
1299	256
1300	256
1301	256
1302	256
1303	256
1304	256
1305	256
1306	256
1307	256
1308	256
1309	256
1310	256
1311	256
1312	256
1313	256
1314	256
1315	256
1316	256
1317	256
1318	256
1319	256
1320	256
1321	256
1322	256
1323	256
1324	256
1325	256
1326	256
1327	256
1328	256
1329	256
1330	256
1331	256
1332	256
1333	256
1334	256
1335	256
1336	256
1337	256
1338	256
1339	256
1340	256
1341	256
1342	256
1343	256
1344	256
1345	256
1346	256
1347	256
1348	256
1349	256
1350	256
1351	256
1352	256
1353	256
1354	256
1355	256
1356	256
1357	256
1358	256
1359	256
1360	256
1361	256
1362	256
1363	256
1364	256
1365	256
1366	256
1367	256
1368	256
1369	256
1370	256
1371	256
1372	256
1373	256
1374	256
1375	256
1376	256
1377	256
1378	256
1379	256
1380	256
1381	256
1382	256
1383	256
1384	256
1385	256
1386	256
1387	256
1388	256
1389	256
1390	256
1391	256
1392	256
1393	256
1394	256
1395	256
1396	256
1397	256
1398	256
1399	256
1400	256
1401	256
1402	256
1403	256
1404	256
1405	256
1406	256
1407	256
1408	256
1409	256
1410	256
1411	256
1412	256
1413	256
1414	256
1415	256
1416	256
1417	256
1418	256
1419	256
1420	256
1421	256
1422	256
1423	256
1424	256
1425	256
1426	256
1427	256
1428	256
1429	256
1430	256
1431	256
1432	256
1433	256
1434	256
1435	256
1436	256
1437	256
1438	256
1439	256
1440	256
1441	256
1442	256
1443	256
1444	256
1445	256
1446	256
1447	256
1448	256
1449	256
1450	256
1451	256
1452	256
1453	256
1454	256
1455	256
1456	256
1457	256
1458	256
1459	256
1460	256
1461	256
1462	256
1463	256
1464	256
1465	256
1466	256
1467	256
1468	256
1469	256
1470	256
1471	256
1472	256
1473	256
1474	256
1475	256
1476	256
1477	256
1478	256
1479	256
1480	256
1481	256
1482	256
1483	256
1484	256
1485	256
1486	256
1487	256
1488	256
1489	256
1490	256
1491	256
1492	256
1493	256
1494	256
1495	256
1496	256
1497	256
1498	256
1499	256
