0 0 0 
0 1 1 
-1 0 0 
0 -1 1 
1 -2 0 
1 -2 1 
1 -2 0 
0 -2 0 
1 -2 0 
1 -1 -1 
0 -2 -2 
0 -2 -1 
1 -2 -1 
2 -3 0 
1 -3 1 
0 -4 0 
0 -4 1 
0 -3 0 
1 -4 -1 
2 -4 -2 
3 -5 -2 
4 -4 -3 
4 -3 -2 
4 -3 -1 
3 -4 0 
4 -3 0 
5 -3 0 
4 -3 -1 
3 -4 -2 
3 -5 -2 
2 -6 -3 
3 -7 -2 
3 -7 -3 
4 -8 -2 
3 -9 -2 
4 -9 -2 
5 -9 -1 
4 -10 -2 
5 -10 -1 
4 -11 0 
4 -11 1 
3 -11 0 
2 -11 0 
2 -12 1 
2 -13 2 
2 -12 2 
3 -12 3 
4 -12 2 
3 -13 3 
2 -14 4 
2 -13 3 
3 -12 4 
2 -12 5 
1 -11 6 
2 -12 6 
2 -11 6 
1 -10 7 
1 -10 8 
1 -11 8 
0 -11 7 
1 -12 7 
1 -11 6 
1 -10 5 
1 -11 6 
1 -10 6 
0 -9 5 
1 -9 5 
2 -8 5 
1 -9 5 
2 -10 4 
3 -11 5 
4 -10 4 
3 -10 3 
2 -11 4 
1 -12 5 
1 -12 6 
0 -11 6 
-1 -12 6 
-2 -12 6 
-1 -11 5 
-2 -11 5 
-1 -12 5 
-2 -11 5 
-3 -12 6 
-2 -12 5 
-2 -11 4 
-1 -10 4 
-2 -11 5 
-1 -12 4 
-2 -12 4 
-1 -11 3 
0 -11 4 
-1 -10 5 
-1 -9 4 
0 -9 4 
-1 -8 3 
-1 -9 2 
-2 -9 2 
-3 -8 1 
-2 -7 2 
-2 -7 3 
-1 -6 4 
0 -5 5 
0 -4 6 
0 -3 7 
-1 -3 8 
-1 -2 8 
-2 -2 8 
-2 -1 9 
-1 -2 9 
0 -3 8 
-1 -2 9 
0 -1 8 
1 -2 8 
0 -3 8 
1 -4 7 
1 -4 8 
0 -5 7 
-1 -5 8 
-1 -4 7 
-1 -5 7 
-2 -6 7 
-2 -7 6 
-2 -8 6 
-2 -8 5 
-1 -7 6 
-2 -7 5 
-3 -8 4 
-3 -8 3 
-3 -8 2 
-2 -8 1 
-1 -9 0 
0 -8 -1 
1 -9 -1 
2 -10 0 
3 -9 1 
3 -10 1 
2 -10 0 
2 -11 1 
2 -10 1 
1 -10 1 
0 -11 1 
0 -10 1 
0 -11 2 
0 -12 2 
1 -11 3 
1 -11 2 
0 -12 3 
-1 -13 4 
0 -14 3 
0 -14 4 
-1 -13 5 
-2 -12 6 
-2 -12 7 
-1 -12 7 
0 -11 8 
0 -11 7 
0 -11 6 
-1 -10 7 
0 -9 6 
-1 -9 7 
-2 -9 6 
-1 -8 7 
-1 -7 8 
0 -8 9 
-1 -7 10 
0 -8 10 
0 -9 10 
-1 -9 10 
0 -9 11 
0 -10 11 
1 -11 12 
0 -11 11 
1 -11 10 
0 -12 11 
1 -13 12 
0 -12 13 
0 -13 12 
1 -14 11 
1 -15 11 
0 -14 10 
-1 -15 11 
-1 -15 10 
-1 -16 10 
-1 -17 9 
-1 -16 9 
-1 -16 8 
0 -15 9 
1 -16 8 
1 -17 8 
2 -17 8 
3 -16 7 
3 -17 8 
3 -18 8 
4 -17 9 
3 -16 10 
4 -17 11 
5 -17 10 
6 -17 10 
6 -16 11 
5 -16 10 
6 -16 10 
7 -17 10 
6 -16 9 
7 -17 9 
6 -17 8 
7 -16 9 
6 -16 9 
7 -15 10 
6 -14 9 
6 -14 10 
6 -14 11 
7 -13 10 
8 -13 10 
7 -14 11 
8 -14 11 
7 -15 10 
7 -14 11 
7 -13 11 
6 -12 12 
7 -11 11 
7 -11 10 
6 -10 11 
6 -9 12 
5 -10 12 
6 -10 12 
5 -11 11 
4 -10 10 
4 -11 10 
4 -12 9 
4 -13 8 
5 -13 8 
4 -12 9 
4 -11 10 
4 -12 10 
5 -11 10 
5 -12 11 
5 -12 12 
4 -13 11 
3 -14 10 
2 -15 9 
1 -15 9 
1 -16 9 
1 -16 10 
2 -16 10 
3 -15 10 
3 -14 9 
2 -13 8 
2 -12 8 
3 -13 9 
4 -14 9 
4 -14 8 
3 -14 8 
4 -15 7 
3 -16 7 
3 -15 8 
3 -16 8 
4 -16 7 
4 -17 8 
4 -16 8 
5 -17 8 
6 -17 8 
5 -17 9 
6 -17 9 
6 -16 9 
6 -15 9 
7 -16 9 
8 -17 10 
9 -18 9 
10 -18 10 
11 -17 9 
10 -18 8 
10 -19 7 
10 -18 6 
10 -18 5 
9 -18 5 
8 -17 5 
7 -17 5 
7 -16 5 
7 -17 6 
6 -18 5 
7 -17 6 
6 -17 5 
5 -18 6 
5 -19 6 
5 -20 7 
6 -20 7 
6 -21 8 
6 -22 8 
5 -21 7 
4 -22 8 
3 -22 8 
2 -22 7 
3 -21 7 
3 -20 8 
4 -19 9 
3 -18 8 
2 -18 9 
3 -17 10 
4 -18 9 
3 -19 10 
4 -20 10 
4 -20 9 
4 -21 9 
3 -20 9 
3 -19 10 
2 -20 10 
3 -19 11 
2 -20 10 
2 -20 11 
3 -20 12 
3 -21 12 
3 -21 13 
3 -20 14 
2 -19 15 
2 -20 15 
1 -20 15 
0 -21 14 
0 -22 15 
0 -22 16 
0 -21 16 
1 -21 15 
1 -22 16 
0 -21 17 
0 -20 18 
1 -19 18 
0 -19 18 
1 -18 19 
2 -17 19 
1 -16 20 
1 -17 19 
2 -18 20 
1 -19 21 
1 -18 21 
0 -17 22 
1 -16 23 
1 -15 24 
2 -16 23 
2 -16 24 
3 -16 25 
2 -17 24 
1 -18 23 
0 -19 22 
0 -18 22 
0 -17 23 
-1 -16 23 
0 -15 23 
-1 -15 22 
0 -16 22 
1 -17 23 
2 -16 22 
2 -17 23 
3 -18 23 
3 -18 24 
3 -19 25 
4 -18 26 
4 -19 27 
5 -18 26 
4 -19 26 
5 -19 26 
6 -18 26 
6 -19 26 
5 -20 25 
6 -20 24 
7 -20 25 
8 -20 25 
8 -20 24 
7 -19 23 
6 -18 22 
7 -18 21 
7 -17 21 
7 -18 20 
8 -19 19 
7 -18 18 
8 -19 18 
8 -18 17 
7 -18 17 
7 -19 16 
7 -20 16 
7 -19 15 
8 -18 15 
7 -19 15 
7 -20 15 
7 -19 15 
6 -18 15 
6 -19 16 
5 -18 17 
5 -17 17 
6 -18 18 
5 -17 18 
6 -17 18 
5 -17 18 
6 -18 17 
5 -18 17 
6 -19 18 
6 -18 18 
7 -19 17 
6 -18 18 
6 -18 17 
5 -18 16 
6 -18 15 
6 -19 15 
5 -20 14 
5 -21 14 
6 -20 13 
7 -20 13 
8 -20 14 
7 -19 13 
7 -20 14 
6 -21 14 
5 -21 14 
6 -20 14 
7 -20 14 
8 -19 15 
9 -18 16 
10 -17 16 
9 -17 15 
10 -16 15 
10 -15 15 
11 -16 14 
10 -17 15 
11 -17 15 
10 -18 14 
11 -17 13 
10 -17 13 
11 -17 14 
10 -16 13 
9 -17 14 
9 -17 15 
8 -16 15 
7 -16 15 
6 -15 16 
7 -15 17 
8 -16 18 
9 -16 17 
8 -16 18 
8 -16 17 
7 -16 16 
8 -17 17 
7 -16 18 
7 -17 17 
7 -17 18 
6 -16 17 
7 -15 17 
6 -15 17 
6 -15 18 
5 -16 18 
5 -16 17 
5 -17 18 
4 -17 18 
4 -18 17 
5 -19 16 
6 -18 15 
6 -18 16 
6 -19 16 
7 -19 15 
7 -20 14 
8 -20 13 
8 -19 13 
9 -18 13 
10 -17 14 
10 -16 14 
10 -16 15 
11 -15 15 
12 -16 14 
11 -16 13 
11 -16 12 
11 -16 13 
12 -15 12 
13 -14 11 
14 -13 10 
13 -12 9 
13 -13 8 
13 -13 7 
13 -12 6 
12 -13 7 
11 -13 7 
11 -14 7 
10 -14 7 
9 -15 6 
8 -14 5 
9 -13 6 
8 -14 5 
8 -15 5 
9 -16 6 
8 -15 5 
9 -14 4 
9 -15 3 
9 -15 4 
10 -14 3 
9 -13 4 
8 -12 3 
9 -13 2 
8 -14 1 
8 -15 1 
7 -14 2 
8 -13 2 
8 -12 3 
8 -11 4 
9 -12 5 
9 -11 5 
8 -12 6 
8 -11 5 
7 -12 4 
7 -11 4 
6 -10 5 
7 -9 6 
8 -9 7 
9 -10 8 
9 -11 8 
8 -11 8 
9 -10 7 
9 -11 6 
8 -10 5 
7 -9 6 
8 -10 7 
9 -11 7 
10 -10 7 
9 -11 7 
9 -11 6 
10 -11 6 
9 -10 5 
10 -9 5 
11 -9 5 
10 -8 4 
11 -9 3 
12 -9 2 
12 -10 2 
13 -11 1 
13 -10 1 
14 -11 1 
15 -10 0 
14 -10 0 
14 -11 0 
13 -10 1 
13 -9 2 
13 -9 1 
12 -8 0 
12 -7 0 
11 -7 -1 
11 -8 -2 
10 -7 -2 
10 -8 -1 
9 -9 0 
8 -10 1 
8 -9 1 
9 -10 0 
8 -10 0 
7 -11 -1 
7 -11 -2 
8 -12 -1 
9 -13 -2 
8 -12 -2 
9 -11 -2 
8 -11 -2 
7 -10 -3 
6 -10 -3 
7 -11 -2 
8 -11 -2 
9 -11 -2 
10 -10 -3 
9 -9 -2 
10 -10 -3 
10 -9 -2 
9 -8 -2 
8 -7 -2 
9 -8 -3 
10 -9 -4 
9 -9 -4 
10 -10 -5 
10 -11 -6 
9 -11 -6 
10 -12 -7 
11 -12 -8 
10 -11 -8 
10 -12 -7 
11 -11 -8 
10 -12 -7 
10 -11 -7 
10 -11 -8 
9 -11 -8 
8 -12 -8 
8 -13 -7 
7 -12 -7 
6 -13 -8 
6 -13 -7 
5 -13 -6 
4 -13 -6 
3 -14 -7 
4 -15 -6 
4 -16 -7 
4 -15 -8 
4 -14 -9 
4 -15 -9 
3 -14 -10 
3 -15 -9 
4 -15 -9 
3 -15 -10 
4 -15 -11 
3 -15 -10 
2 -14 -11 
3 -15 -11 
3 -15 -12 
4 -14 -11 
4 -15 -10 
5 -15 -10 
4 -14 -10 
3 -15 -9 
2 -16 -8 
1 -17 -8 
0 -17 -8 
1 -18 -8 
0 -17 -9 
0 -18 -8 
-1 -18 -8 
0 -18 -9 
0 -19 -10 
0 -18 -9 
1 -18 -9 
2 -17 -8 
2 -16 -8 
1 -15 -9 
0 -14 -8 
0 -14 -9 
0 -14 -10 
1 -15 -11 
1 -16 -11 
2 -15 -12 
2 -15 -11 
3 -14 -11 
2 -14 -12 
1 -15 -11 
0 -16 -11 
1 -16 -10 
2 -16 -9 
1 -15 -10 
1 -15 -9 
1 -15 -10 
1 -15 -9 
1 -16 -9 
0 -16 -10 
0 -16 -11 
0 -15 -11 
-1 -15 -11 
-1 -16 -11 
-1 -17 -11 
-2 -18 -10 
-1 -19 -11 
-2 -18 -11 
-2 -19 -10 
-3 -18 -11 
-2 -18 -11 
-3 -19 -10 
-3 -20 -10 
-2 -21 -9 
-3 -21 -10 
-3 -22 -11 
-3 -22 -10 
-4 -23 -9 
-3 -23 -8 
-2 -23 -8 
-1 -23 -8 
-1 -22 -8 
-1 -23 -7 
-2 -22 -6 
-2 -21 -6 
-2 -22 -6 
-1 -22 -7 
0 -23 -6 
-1 -24 -6 
-1 -24 -5 
0 -24 -4 
-1 -25 -5 
0 -24 -5 
0 -25 -6 
0 -26 -5 
0 -26 -4 
1 -26 -4 
0 -27 -4 
-1 -28 -4 
-1 -28 -3 
-2 -29 -4 
-2 -29 -5 
-1 -30 -4 
0 -30 -4 
1 -30 -4 
0 -31 -3 
0 -31 -2 
-1 -31 -1 
-1 -30 -1 
-2 -31 -2 
-2 -32 -2 
-2 -32 -1 
-2 -32 -2 
-2 -32 -1 
-3 -33 -2 
-4 -34 -1 
-5 -33 0 
-6 -32 -1 
-5 -33 -2 
-4 -33 -2 
-3 -32 -1 
-4 -33 -2 
-4 -32 -2 
-3 -33 -3 
-2 -32 -4 
-3 -33 -3 
-4 -32 -3 
-4 -31 -3 
-4 -30 -3 
-4 -29 -4 
-4 -29 -5 
-4 -29 -4 
-3 -29 -5 
-3 -29 -6 
-4 -28 -5 
-3 -27 -6 
-4 -28 -7 
-3 -27 -6 
-3 -27 -7 
-2 -26 -7 
-1 -27 -8 
-2 -27 -9 
-3 -26 -9 
-2 -25 -8 
-2 -24 -9 
-1 -23 -9 
-1 -23 -8 
-2 -24 -8 
-3 -23 -7 
-3 -22 -6 
-2 -22 -6 
-1 -22 -5 
-1 -23 -4 
-2 -24 -5 
-1 -24 -5 
-1 -23 -5 
0 -23 -4 
0 -24 -5 
-1 -23 -4 
0 -23 -5 
0 -24 -4 
0 -25 -3 
-1 -24 -2 
-2 -23 -2 
-2 -23 -3 
-2 -22 -3 
-2 -23 -2 
-3 -22 -1 
-4 -21 0 
-3 -21 1 
-3 -22 0 
-3 -23 1 
-4 -23 1 
-4 -22 2 
-5 -21 1 
-5 -22 1 
-5 -22 2 
-4 -22 3 
-4 -21 2 
-3 -21 3 
-3 -21 2 
-2 -20 1 
-2 -20 0 
-3 -21 -1 
-4 -22 -2 
-5 -22 -2 
-6 -21 -3 
-5 -21 -4 
-4 -22 -5 
-4 -22 -6 
-5 -22 -6 
-6 -22 -5 
-5 -23 -4 
-5 -22 -5 
-5 -23 -5 
-5 -23 -6 
-6 -22 -6 
-6 -23 -6 
-7 -23 -5 
-7 -23 -4 
-6 -22 -4 
-7 -23 -3 
-7 -23 -4 
-8 -24 -3 
-8 -25 -3 
-9 -24 -4 
-8 -25 -4 
-7 -26 -3 
-7 -27 -3 
-8 -27 -4 
-7 -28 -4 
-7 -29 -5 
-7 -29 -6 
-6 -28 -7 
-7 -27 -8 
-6 -27 -7 
-7 -27 -7 
-7 -28 -8 
-7 -28 -7 
-8 -29 -7 
-9 -28 -8 
-10 -28 -7 
-11 -29 -8 
-11 -29 -7 
-10 -29 -6 
-9 -28 -5 
-10 -28 -4 
-9 -29 -5 
-9 -29 -4 
-10 -28 -3 
-10 -28 -2 
-11 -28 -1 
-11 -29 -1 
-11 -29 -2 
-11 -28 -3 
-12 -28 -2 
-13 -29 -1 
-14 -29 0 
-13 -30 -1 
-14 -31 -2 
-15 -30 -1 
-15 -31 0 
-14 -31 0 
-14 -30 0 
-13 -29 -1 
-13 -30 -1 
-12 -30 -1 
-12 -29 -1 
-11 -30 0 
-11 -31 0 
-10 -31 0 
-9 -31 1 
-9 -32 1 
-9 -33 2 
-9 -32 1 
-10 -31 2 
-9 -31 2 
-10 -31 2 
-9 -32 1 
-9 -33 2 
-10 -33 2 
-11 -32 1 
-10 -32 0 
-11 -32 0 
-10 -32 1 
-11 -31 1 
-10 -31 2 
-9 -31 2 
-9 -32 2 
-10 -33 1 
-10 -32 1 
-9 -33 2 
-8 -33 2 
-8 -34 2 
-8 -33 2 
-7 -34 1 
-7 -34 2 
-7 -34 1 
-8 -35 0 
-9 -34 1 
-8 -34 0 
-7 -35 0 
-6 -36 0 
-5 -37 -1 
-4 -38 0 
-5 -39 0 
-6 -38 0 
-7 -39 -1 
-8 -38 -1 
-9 -37 -2 
-8 -36 -3 
-9 -36 -3 
-10 -36 -3 
-9 -37 -2 
-8 -38 -3 
-7 -38 -3 
-7 -37 -4 
-7 -37 -5 
-8 -38 -4 
-7 -38 -3 
-6 -39 -3 
-6 -38 -3 
-6 -39 -4 
-7 -39 -4 
-7 -38 -5 
-7 -39 -4 
-6 -40 -4 
-5 -41 -3 
-6 -40 -4 
-7 -40 -4 
-7 -39 -4 
-6 -40 -3 
-7 -41 -2 
-7 -40 -2 
-8 -40 -3 
-9 -39 -4 
-9 -38 -5 
-10 -39 -6 
-9 -38 -7 
-9 -37 -7 
-8 -37 -7 
-7 -37 -7 
-6 -36 -6 
-7 -35 -5 
-8 -36 -4 
-7 -35 -4 
-6 -36 -5 
-7 -37 -4 
-8 -37 -4 
-7 -36 -3 
-6 -37 -3 
-6 -37 -2 
-6 -37 -3 
-5 -38 -2 
-6 -38 -2 
-6 -37 -1 
-7 -38 0 
-6 -39 0 
-7 -40 -1 
-8 -41 -2 
-7 -42 -3 
-8 -43 -4 
-7 -42 -3 
-8 -41 -4 
-9 -42 -4 
-8 -41 -5 
-8 -40 -4 
-9 -39 -5 
-10 -39 -6 
-10 -38 -6 
-11 -38 -6 
-12 -38 -5 
-13 -38 -6 
-13 -39 -6 
-14 -39 -7 
-15 -38 -6 
-16 -37 -7 
-17 -36 -6 
-16 -35 -7 
-16 -34 -6 
-16 -34 -7 
-16 -34 -8 
-15 -35 -8 
-14 -35 -8 
-14 -34 -9 
-13 -35 -8 
-14 -35 -8 
-15 -36 -9 
-15 -36 -8 
-15 -37 -7 
-14 -38 -6 
-15 -38 -5 
-14 -39 -6 
-15 -39 -6 
-16 -38 -6 
-17 -37 -6 
-16 -37 -6 
-17 -37 -6 
-16 -38 -7 
-15 -39 -6 
-16 -38 -6 
-15 -37 -7 
-15 -38 -7 
-15 -38 -8 
-15 -37 -7 
-15 -38 -8 
-15 -38 -9 
-15 -37 -9 
-14 -38 -9 
-15 -39 -10 
-14 -38 -10 
-13 -37 -10 
-13 -37 -11 
-14 -37 -12 
-15 -38 -11 
-16 -39 -12 
-17 -40 -11 
-17 -39 -10 
-17 -38 -9 
-18 -38 -8 
-18 -38 -9 
-19 -38 -9 
-20 -39 -9 
-20 -39 -10 
-20 -39 -11 
-19 -39 -10 
-20 -38 -9 
-20 -39 -9 
-20 -38 -9 
-19 -39 -8 
-19 -38 -8 
-19 -38 -9 
-18 -39 -9 
-17 -40 -10 
-16 -41 -9 
-17 -41 -10 
-16 -42 -11 
-15 -43 -10 
-16 -42 -9 
