1	0.498404	0.123223
2	0.497867	0.122685
3	0.497831	0.12265
4	0.497425	0.122244
5	0.497248	0.122067
6	0.496965	0.121783
7	0.496669	0.121487
8	0.4967	0.121519
9	0.496215	0.121033
10	0.49604	0.120858
11	0.495898	0.120717
12	0.4959	0.120719
13	0.495869	0.120687
14	0.495817	0.120635
15	0.49539	0.120208
16	0.495248	0.120067
17	0.495042	0.11986
18	0.494662	0.119481
19	0.494542	0.11936
20	0.494256	0.119075
21	0.494238	0.119056
22	0.494027	0.118846
23	0.493773	0.118592
24	0.493656	0.118475
25	0.49364	0.118458
26	0.493344	0.118162
27	0.493204	0.118023
28	0.493027	0.117846
29	0.49291	0.117729
30	0.492735	0.117554
31	0.49261	0.117429
32	0.492479	0.117298
33	0.49239	0.117208
34	0.492321	0.11714
35	0.492179	0.116998
36	0.492123	0.116942
37	0.492015	0.116833
38	0.491879	0.116698
39	0.491669	0.116488
40	0.491498	0.116317
41	0.491225	0.116044
42	0.49094	0.115758
43	0.490635	0.115454
44	0.490585	0.115404
45	0.4902	0.115019
46	0.490042	0.11486
47	0.489823	0.114642
48	0.48981	0.114629
49	0.4897	0.114519
50	0.489558	0.114377
51	0.489325	0.114144
52	0.489312	0.114131
53	0.489308	0.114127
54	0.489196	0.114015
55	0.489046	0.113865
56	0.488869	0.113688
57	0.488792	0.11361
58	0.488777	0.113596
59	0.48875	0.113569
60	0.488644	0.113463
61	0.488533	0.113352
62	0.488579	0.113398
63	0.488579	0.113398
64	0.488452	0.113271
65	0.488342	0.11316
66	0.488438	0.113256
67	0.488225	0.113044
68	0.488073	0.112892
69	0.487996	0.112815
70	0.488058	0.112877
71	0.487894	0.112713
72	0.487883	0.112702
73	0.487733	0.112552
74	0.48755	0.112369
75	0.487658	0.112477
76	0.487667	0.112485
77	0.487581	0.1124
78	0.487477	0.112296
79	0.48739	0.112208
80	0.487381	0.1122
81	0.487079	0.111898
82	0.487021	0.11184
83	0.486967	0.111785
84	0.486833	0.111652
85	0.48671	0.111529
86	0.486756	0.111575
87	0.486708	0.111527
88	0.486619	0.111437
89	0.486671	0.11149
90	0.486754	0.111573
91	0.486663	0.111481
92	0.486669	0.111488
93	0.486646	0.111465
94	0.486498	0.111317
95	0.486398	0.111217
96	0.486306	0.111125
97	0.486158	0.110977
98	0.486231	0.11105
99	0.4861	0.110919
100	0.486175	0.110994
101	0.486129	0.110948
102	0.485956	0.110775
103	0.486023	0.110842
104	0.486033	0.110852
105	0.486015	0.110833
106	0.48595	0.110769
107	0.485771	0.11059
108	0.485881	0.1107
109	0.485667	0.110485
110	0.485898	0.110717
111	0.485748	0.110567
112	0.485685	0.110504
113	0.485744	0.110563
114	0.485723	0.110542
115	0.485613	0.110431
116	0.485504	0.110323
117	0.485369	0.110188
118	0.485358	0.110177
119	0.485333	0.110152
120	0.485315	0.110133
121	0.485098	0.109917
122	0.485044	0.109862
123	0.485104	0.109923
124	0.48494	0.109758
125	0.484919	0.109738
126	0.48499	0.109808
127	0.484946	0.109765
128	0.484863	0.109681
129	0.484869	0.109687
130	0.484767	0.109585
131	0.484642	0.10946
132	0.48461	0.109429
133	0.484377	0.109196
134	0.484313	0.109131
135	0.484179	0.108998
136	0.484029	0.108848
137	0.483929	0.108748
138	0.483815	0.108633
139	0.48385	0.108669
140	0.483758	0.108577
141	0.483737	0.108556
142	0.483727	0.108546
143	0.483681	0.1085
144	0.483633	0.108452
145	0.483362	0.108181
146	0.483402	0.108221
147	0.483296	0.108115
148	0.483254	0.108073
149	0.483321	0.10814
150	0.48326	0.108079
151	0.483208	0.108027
152	0.483023	0.107842
153	0.483015	0.107833
154	0.482994	0.107813
155	0.482833	0.107652
156	0.482773	0.107592
157	0.4828	0.107619
158	0.482673	0.107492
159	0.482658	0.107477
160	0.48254	0.107358
161	0.482519	0.107337
162	0.482437	0.107256
163	0.482483	0.107302
164	0.482529	0.107348
165	0.482469	0.107287
166	0.482458	0.107277
167	0.482498	0.107317
168	0.482535	0.107354
169	0.482492	0.10731
170	0.48244	0.107258
171	0.482298	0.107117
172	0.482388	0.107206
173	0.482221	0.10704
174	0.48215	0.106969
175	0.482077	0.106896
176	0.48214	0.106958
177	0.482	0.106819
178	0.481856	0.106675
179	0.481769	0.106587
180	0.481675	0.106494
181	0.481698	0.106517
182	0.48159	0.106408
183	0.481587	0.106406
184	0.48174	0.106558
185	0.481606	0.106425
186	0.481587	0.106406
187	0.481575	0.106394
188	0.481517	0.106335
189	0.481433	0.106252
190	0.481288	0.106106
191	0.4812	0.106019
192	0.481231	0.10605
193	0.481152	0.105971
194	0.481035	0.105854
195	0.481033	0.105852
196	0.48095	0.105769
197	0.481	0.105819
198	0.481079	0.105898
199	0.481029	0.105848
200	0.481217	0.106035
201	0.481158	0.105977
202	0.481071	0.10589
203	0.480994	0.105812
204	0.480948	0.105767
205	0.480985	0.105804
206	0.480908	0.105727
207	0.48081	0.105629
208	0.480892	0.10571
209	0.480881	0.1057
210	0.480806	0.105625
211	0.480854	0.105673
212	0.480644	0.105462
213	0.480642	0.10546
214	0.480679	0.105498
215	0.480588	0.105406
216	0.480644	0.105462
217	0.48051	0.105329
218	0.480558	0.105377
219	0.480546	0.105365
220	0.480458	0.105277
221	0.480473	0.105292
222	0.480425	0.105244
223	0.480456	0.105275
224	0.480492	0.10531
225	0.480331	0.10515
226	0.480329	0.105148
227	0.480185	0.105004
228	0.480281	0.1051
229	0.480213	0.105031
230	0.48031	0.105129
231	0.480267	0.105085
232	0.480279	0.105098
233	0.480156	0.104975
234	0.480183	0.105002
235	0.480054	0.104873
236	0.48004	0.104858
237	0.480154	0.104973
238	0.480167	0.104985
239	0.48004	0.104858
240	0.480119	0.104938
241	0.480094	0.104912
242	0.480131	0.10495
243	0.480119	0.104938
244	0.480167	0.104985
245	0.480044	0.104863
246	0.480177	0.104996
247	0.480192	0.10501
248	0.480192	0.10501
249	0.480077	0.104896
250	0.480092	0.10491
251	0.480017	0.104835
252	0.48004	0.104858
253	0.480065	0.104883
254	0.479956	0.104775
255	0.479756	0.104575
256	0.479808	0.104627
257	0.479735	0.104554
258	0.479704	0.104523
259	0.47965	0.104469
260	0.479721	0.10454
261	0.479619	0.104438
262	0.479519	0.104337
263	0.479444	0.104263
264	0.479344	0.104162
265	0.479417	0.104235
266	0.47946	0.104279
267	0.47934	0.104158
268	0.479383	0.104202
269	0.479421	0.10424
270	0.479288	0.104106
271	0.479154	0.103973
272	0.479085	0.103904
273	0.479083	0.103902
274	0.479017	0.103835
275	0.479129	0.103948
276	0.478977	0.103796
277	0.479058	0.103877
278	0.47884	0.103658
279	0.478977	0.103796
280	0.478846	0.103665
281	0.478875	0.103694
282	0.478875	0.103694
283	0.478942	0.10376
284	0.478963	0.103781
285	0.478908	0.103727
286	0.478944	0.103762
287	0.478802	0.103621
288	0.478796	0.103615
289	0.478754	0.103573
290	0.478788	0.103606
291	0.478848	0.103667
292	0.478727	0.103546
293	0.478715	0.103533
294	0.478679	0.103498
295	0.47869	0.103508
296	0.478577	0.103396
297	0.478598	0.103417
298	0.47854	0.103358
299	0.47851	0.103329
300	0.478462	0.103281
301	0.478481	0.1033
302	0.478367	0.103185
303	0.478325	0.103144
304	0.478342	0.10316
305	0.478271	0.10309
306	0.478246	0.103065
307	0.478323	0.103142
308	0.478213	0.103031
309	0.478158	0.102977
310	0.478165	0.102983
311	0.478135	0.102954
312	0.478048	0.102867
313	0.478085	0.102904
314	0.47805	0.102869
315	0.477998	0.102817
316	0.477983	0.102802
317	0.47794	0.102758
318	0.477946	0.102765
319	0.478058	0.102877
320	0.477888	0.102706
321	0.477892	0.10271
322	0.47796	0.102779
323	0.477833	0.102652
324	0.477785	0.102604
325	0.477835	0.102654
326	0.47791	0.102729
327	0.477642	0.10246
328	0.477698	0.102517
329	0.477675	0.102494
330	0.477583	0.102402
331	0.477535	0.102354
332	0.477483	0.102302
333	0.477502	0.102321
334	0.477444	0.102262
335	0.477381	0.1022
336	0.477352	0.102171
337	0.477346	0.102165
338	0.477313	0.102131
339	0.47714	0.101958
340	0.477206	0.102025
341	0.477206	0.102025
342	0.477163	0.101981
343	0.477181	0.102
344	0.477131	0.10195
345	0.477188	0.102006
346	0.477092	0.10191
347	0.477092	0.10191
348	0.47715	0.101969
349	0.476992	0.10181
350	0.477077	0.101896
351	0.476908	0.101727
352	0.476902	0.101721
353	0.476862	0.101681
354	0.476858	0.101677
355	0.476746	0.101565
356	0.47674	0.101558
357	0.476698	0.101517
358	0.476571	0.10139
359	0.476548	0.101367
360	0.476613	0.101431
361	0.476458	0.101277
362	0.476435	0.101254
363	0.476438	0.101256
364	0.476344	0.101163
365	0.476296	0.101115
366	0.476242	0.10106
367	0.476254	0.101073
368	0.476179	0.100998
369	0.476079	0.100898
370	0.476044	0.100863
371	0.476083	0.100902
372	0.476106	0.100925
373	0.476038	0.100856
374	0.476067	0.100885
375	0.47606	0.100879
376	0.475954	0.100773
377	0.475958	0.100777
378	0.475996	0.100815
379	0.47594	0.100758
380	0.475921	0.10074
381	0.475829	0.100648
382	0.475771	0.10059
383	0.475669	0.100488
384	0.475665	0.100483
385	0.475558	0.100377
386	0.475313	0.100131
387	0.47536	0.100179
388	0.475352	0.100171
389	0.475269	0.100088
390	0.475294	0.100112
391	0.475217	0.100035
392	0.475154	0.0999729
393	0.475023	0.0998417
394	0.475021	0.0998396
395	0.474956	0.099775
396	0.474944	0.0997625
397	0.474944	0.0997625
398	0.474956	0.099775
399	0.47495	0.0997688
400	0.47489	0.0997083
401	0.474952	0.0997708
402	0.474813	0.0996312
403	0.474904	0.0997229
404	0.474833	0.0996521
405	0.474827	0.0996458
406	0.474773	0.0995917
407	0.474877	0.0996958
408	0.4747	0.0995188
409	0.474638	0.0994563
410	0.474692	0.0995104
411	0.474715	0.0995333
412	0.474675	0.0994937
413	0.474677	0.0994958
414	0.474708	0.0995271
415	0.474669	0.0994875
416	0.474698	0.0995167
417	0.474696	0.0995146
418	0.474571	0.0993896
419	0.474521	0.0993396
420	0.474469	0.0992875
421	0.474413	0.0992313
422	0.474356	0.099175
423	0.47441	0.0992292
424	0.474367	0.0991854
425	0.474448	0.0992667
426	0.474354	0.0991729
427	0.474246	0.0990646
428	0.474181	0.099
429	0.474162	0.0989812
430	0.474098	0.0989167
431	0.474012	0.0988313
432	0.47395	0.0987687
433	0.473948	0.0987667
434	0.474	0.0988187
435	0.47396	0.0987792
436	0.473927	0.0987458
437	0.47384	0.0986583
438	0.473821	0.0986396
439	0.473842	0.0986604
440	0.473833	0.0986521
441	0.473748	0.0985667
442	0.473673	0.0984917
443	0.473542	0.0983604
444	0.473592	0.0984104
445	0.47345	0.0982687
446	0.473417	0.0982354
447	0.473448	0.0982667
448	0.473415	0.0982333
449	0.473475	0.0982938
450	0.473358	0.0981771
451	0.473287	0.0981063
452	0.473315	0.0981333
453	0.473208	0.0980271
454	0.473167	0.0979854
455	0.473092	0.0979104
456	0.473044	0.0978625
457	0.472923	0.0977417
458	0.472902	0.0977208
459	0.472965	0.0977833
460	0.472954	0.0977729
461	0.472948	0.0977667
462	0.4728	0.0976188
463	0.472806	0.097625
464	0.472683	0.0975021
465	0.472758	0.0975771
466	0.472735	0.0975542
467	0.472715	0.0975333
468	0.472646	0.0974646
469	0.472575	0.0973938
470	0.472573	0.0973917
471	0.472552	0.0973708
472	0.472467	0.0972854
473	0.472404	0.0972229
474	0.472527	0.0973458
475	0.472485	0.0973042
476	0.472483	0.0973021
477	0.472429	0.0972479
478	0.472373	0.0971917
479	0.47244	0.0972583
480	0.472396	0.0972146
481	0.472373	0.0971917
482	0.472292	0.0971104
483	0.472425	0.0972437
484	0.472298	0.0971167
485	0.472404	0.0972229
486	0.472429	0.0972479
487	0.4723	0.0971188
488	0.472412	0.0972312
489	0.472271	0.0970896
490	0.472215	0.0970333
491	0.4722	0.0970187
492	0.472233	0.0970521
493	0.472162	0.0969812
494	0.472183	0.0970021
495	0.472223	0.0970417
496	0.472083	0.0969021
497	0.472054	0.0968729
498	0.471977	0.0967958
499	0.471894	0.0967125
500	0.471856	0.096675
501	0.472052	0.0968708
502	0.47196	0.0967792
503	0.471954	0.0967729
504	0.471956	0.096775
505	0.47189	0.0967083
506	0.471854	0.0966729
507	0.471771	0.0965896
508	0.471796	0.0966146
509	0.471775	0.0965938
510	0.471788	0.0966062
511	0.471685	0.0965042
512	0.471681	0.0965
513	0.471633	0.0964521
514	0.471681	0.0965
515	0.471696	0.0965146
516	0.471575	0.0963937
517	0.471552	0.0963708
518	0.471588	0.0964063
519	0.471498	0.0963167
520	0.471448	0.0962667
521	0.471415	0.0962333
522	0.471421	0.0962396
523	0.47129	0.0961083
524	0.471419	0.0962375
525	0.471335	0.0961542
526	0.471417	0.0962354
527	0.47139	0.0962083
528	0.471304	0.0961229
529	0.471352	0.0961708
530	0.471396	0.0962146
531	0.471379	0.0961979
532	0.471267	0.0960854
533	0.471167	0.0959854
534	0.471131	0.09595
535	0.4711	0.0959188
536	0.471075	0.0958937
537	0.471096	0.0959146
538	0.470987	0.0958062
539	0.471021	0.0958396
540	0.470998	0.0958167
541	0.470965	0.0957833
542	0.470929	0.0957479
543	0.470879	0.0956979
544	0.470875	0.0956938
545	0.470852	0.0956708
546	0.470823	0.0956417
547	0.470694	0.0955125
548	0.470779	0.0955979
549	0.47075	0.0955687
550	0.470775	0.0955938
551	0.470775	0.0955938
552	0.470771	0.0955896
553	0.470773	0.0955917
554	0.470752	0.0955708
555	0.470702	0.0955208
556	0.470731	0.09555
557	0.470742	0.0955604
558	0.47064	0.0954583
559	0.470577	0.0953958
560	0.470635	0.0954542
561	0.470581	0.0954
562	0.470587	0.0954062
563	0.470533	0.0953521
564	0.470504	0.0953229
565	0.47054	0.0953583
566	0.470446	0.0952646
567	0.470523	0.0953417
568	0.470452	0.0952708
569	0.470446	0.0952646
570	0.470469	0.0952875
571	0.470262	0.0950812
572	0.470267	0.0950854
573	0.470281	0.0951
574	0.470138	0.0949562
575	0.470113	0.0949313
576	0.470125	0.0949437
577	0.4701	0.0949188
578	0.470096	0.0949146
579	0.470165	0.0949833
580	0.47014	0.0949583
581	0.470154	0.0949729
582	0.470135	0.0949542
583	0.470044	0.0948625
584	0.470104	0.0949229
585	0.470163	0.0949813
586	0.470054	0.0948729
587	0.470163	0.0949813
588	0.470175	0.0949937
589	0.470156	0.094975
590	0.470069	0.0948875
591	0.470037	0.0948562
592	0.4701	0.0949188
593	0.470052	0.0948708
594	0.469979	0.0947979
595	0.46994	0.0947583
596	0.469979	0.0947979
597	0.469988	0.0948062
598	0.469958	0.0947771
599	0.470004	0.0948229
600	0.46996	0.0947792
601	0.470023	0.0948417
602	0.469965	0.0947833
603	0.469931	0.09475
604	0.469835	0.0946542
605	0.469858	0.0946771
606	0.469854	0.0946729
607	0.469881	0.0947
608	0.469727	0.0945458
609	0.469756	0.094575
610	0.469706	0.094525
611	0.469781	0.0946
612	0.469646	0.0944646
613	0.46965	0.0944688
614	0.469629	0.0944479
615	0.469621	0.0944396
616	0.469581	0.0944
617	0.469521	0.0943396
618	0.469433	0.0942521
619	0.469417	0.0942354
620	0.469367	0.0941854
621	0.469423	0.0942417
622	0.469267	0.0940854
623	0.46921	0.0940292
624	0.469185	0.0940042
625	0.469187	0.0940062
626	0.469225	0.0940437
627	0.46916	0.0939792
628	0.469092	0.0939104
629	0.469162	0.0939813
630	0.469004	0.0938229
631	0.469004	0.0938229
632	0.469031	0.09385
633	0.468923	0.0937417
634	0.468948	0.0937667
635	0.468904	0.0937229
636	0.468908	0.0937271
637	0.468962	0.0937812
638	0.468844	0.0936625
639	0.468833	0.0936521
640	0.46886	0.0936792
641	0.468777	0.0935958
642	0.46871	0.0935292
643	0.468671	0.0934896
644	0.468592	0.0934104
645	0.46861	0.0934292
646	0.468558	0.0933771
647	0.468558	0.0933771
648	0.468433	0.0932521
649	0.468462	0.0932812
650	0.468433	0.0932521
651	0.468508	0.0933271
652	0.468485	0.0933042
653	0.46835	0.0931688
654	0.468367	0.0931854
655	0.468225	0.0930438
656	0.468258	0.0930771
657	0.46824	0.0930583
658	0.468248	0.0930667
659	0.468225	0.0930438
660	0.468246	0.0930646
661	0.468175	0.0929938
662	0.468219	0.0930375
663	0.468188	0.0930063
664	0.468119	0.0929375
665	0.468092	0.0929104
666	0.468017	0.0928354
667	0.467969	0.0927875
668	0.468013	0.0928312
669	0.467948	0.0927667
670	0.467967	0.0927854
671	0.467917	0.0927354
672	0.467892	0.0927104
673	0.467996	0.0928146
674	0.46786	0.0926792
675	0.467862	0.0926813
676	0.467758	0.0925771
677	0.467871	0.0926896
678	0.46779	0.0926083
679	0.467781	0.0926
680	0.467737	0.0925563
681	0.467673	0.0924917
682	0.467717	0.0925354
683	0.467604	0.0924229
684	0.467581	0.0924
685	0.467581	0.0924
686	0.467537	0.0923562
687	0.467494	0.0923125
688	0.467429	0.0922479
689	0.467433	0.0922521
690	0.467342	0.0921604
691	0.467215	0.0920333
692	0.46721	0.0920292
693	0.467167	0.0919854
694	0.467127	0.0919458
695	0.467133	0.0919521
696	0.467225	0.0920437
697	0.467133	0.0919521
698	0.467296	0.0921146
699	0.467146	0.0919646
700	0.467098	0.0919167
701	0.467056	0.091875
702	0.467063	0.0918813
703	0.467006	0.091825
704	0.467006	0.091825
705	0.467025	0.0918437
706	0.466975	0.0917938
707	0.46691	0.0917292
708	0.466821	0.0916396
709	0.466808	0.0916271
710	0.466654	0.0914729
711	0.466662	0.0914813
712	0.466583	0.0914021
713	0.466571	0.0913896
714	0.466481	0.0913
715	0.466525	0.0913438
716	0.466508	0.0913271
717	0.466487	0.0913062
718	0.466513	0.0913313
719	0.466479	0.0912979
720	0.46646	0.0912792
721	0.466404	0.0912229
722	0.466375	0.0911938
723	0.466294	0.0911125
724	0.466325	0.0911437
725	0.466223	0.0910417
726	0.466146	0.0909646
727	0.466077	0.0908958
728	0.46599	0.0908083
729	0.465977	0.0907958
730	0.465992	0.0908104
731	0.465929	0.0907479
732	0.465981	0.0908
733	0.465898	0.0907167
734	0.465962	0.0907812
735	0.465981	0.0908
736	0.465838	0.0906563
737	0.465817	0.0906354
738	0.465777	0.0905958
739	0.46581	0.0906292
740	0.465712	0.0905313
741	0.465735	0.0905542
742	0.465681	0.0905
743	0.465652	0.0904708
744	0.465585	0.0904042
745	0.465665	0.0904833
746	0.465573	0.0903917
747	0.465581	0.0904
748	0.465552	0.0903708
749	0.465627	0.0904458
750	0.465477	0.0902958
751	0.465573	0.0903917
752	0.46546	0.0902792
753	0.465446	0.0902646
754	0.465467	0.0902854
755	0.465442	0.0902604
756	0.465421	0.0902396
757	0.465335	0.0901542
758	0.465396	0.0902146
759	0.465369	0.0901875
760	0.465356	0.090175
761	0.465325	0.0901437
762	0.465362	0.0901812
763	0.465319	0.0901375
764	0.465288	0.0901062
765	0.465231	0.09005
766	0.465175	0.0899938
767	0.465085	0.0899042
768	0.465035	0.0898542
769	0.464958	0.0897771
770	0.464985	0.0898042
771	0.465012	0.0898312
772	0.464858	0.0896771
773	0.464858	0.0896771
774	0.464804	0.0896229
775	0.464798	0.0896167
776	0.464754	0.0895729
777	0.464698	0.0895167
778	0.464706	0.089525
779	0.464658	0.0894771
780	0.464619	0.0894375
781	0.464615	0.0894333
782	0.464621	0.0894396
783	0.464596	0.0894146
784	0.464687	0.0895063
785	0.464673	0.0894917
786	0.464625	0.0894438
787	0.464642	0.0894604
788	0.464569	0.0893875
789	0.464602	0.0894208
790	0.464577	0.0893958
791	0.464506	0.089325
792	0.464556	0.089375
793	0.464556	0.089375
794	0.464506	0.089325
795	0.464421	0.0892396
796	0.464465	0.0892833
797	0.464544	0.0893625
798	0.464496	0.0893146
799	0.464469	0.0892875
800	0.46446	0.0892792
801	0.464406	0.089225
802	0.464469	0.0892875
803	0.464308	0.0891271
804	0.464296	0.0891146
805	0.464358	0.0891771
806	0.464329	0.0891479
807	0.464275	0.0890938
808	0.464265	0.0890833
809	0.464221	0.0890396
810	0.464256	0.089075
811	0.464137	0.0889563
812	0.464181	0.089
813	0.46414	0.0889583
814	0.464115	0.0889333
815	0.464073	0.0888917
816	0.464165	0.0889833
817	0.464104	0.0889229
818	0.464096	0.0889146
819	0.464115	0.0889333
820	0.464146	0.0889646
821	0.46411	0.0889292
822	0.464229	0.0890479
823	0.464102	0.0889208
824	0.464208	0.0890271
825	0.464158	0.0889771
826	0.464233	0.0890521
827	0.464206	0.089025
828	0.464188	0.0890063
829	0.464129	0.0889479
830	0.464219	0.0890375
831	0.464135	0.0889542
832	0.464292	0.0891104
833	0.4642	0.0890187
834	0.464213	0.0890312
835	0.464125	0.0889437
836	0.464069	0.0888875
837	0.464054	0.0888729
838	0.464054	0.0888729
839	0.464029	0.0888479
840	0.46406	0.0888792
841	0.464029	0.0888479
842	0.463992	0.0888104
843	0.464017	0.0888354
844	0.463998	0.0888167
845	0.463979	0.0887979
846	0.463962	0.0887813
847	0.463958	0.0887771
848	0.463948	0.0887667
849	0.463825	0.0886438
850	0.463779	0.0885979
851	0.463796	0.0886146
852	0.463708	0.0885271
853	0.463615	0.0884333
854	0.463592	0.0884104
855	0.463533	0.0883521
856	0.463437	0.0882562
857	0.463481	0.0883
858	0.463513	0.0883313
859	0.463617	0.0884354
860	0.463502	0.0883208
861	0.46345	0.0882687
862	0.463446	0.0882646
863	0.463381	0.0882
864	0.463442	0.0882604
865	0.463292	0.0881104
866	0.463329	0.0881479
867	0.463248	0.0880667
868	0.463215	0.0880333
869	0.463235	0.0880542
870	0.46321	0.0880292
871	0.463254	0.0880729
872	0.46329	0.0881083
873	0.46319	0.0880083
874	0.463158	0.0879771
875	0.463073	0.0878917
876	0.463073	0.0878917
877	0.463048	0.0878667
878	0.462985	0.0878042
879	0.462912	0.0877312
880	0.462958	0.0877771
881	0.462923	0.0877417
882	0.462944	0.0877625
883	0.463048	0.0878667
884	0.462983	0.0878021
885	0.462892	0.0877104
886	0.462815	0.0876333
887	0.462827	0.0876458
888	0.462767	0.0875854
889	0.462802	0.0876208
890	0.462771	0.0875896
891	0.462717	0.0875354
892	0.462808	0.0876271
893	0.462758	0.0875771
894	0.462823	0.0876417
895	0.462658	0.0874771
896	0.462635	0.0874542
897	0.462671	0.0874896
898	0.462752	0.0875708
899	0.462679	0.0874979
900	0.4626	0.0874187
901	0.462512	0.0873313
902	0.462533	0.0873521
903	0.462569	0.0873875
904	0.462512	0.0873313
905	0.462458	0.0872771
906	0.462496	0.0873146
907	0.462342	0.0871604
908	0.46235	0.0871688
909	0.462331	0.08715
910	0.462242	0.0870604
911	0.462204	0.0870229
912	0.462069	0.0868875
913	0.462077	0.0868958
914	0.462098	0.0869167
915	0.461904	0.0867229
916	0.461965	0.0867833
917	0.46196	0.0867792
918	0.461902	0.0867208
919	0.461962	0.0867812
920	0.461854	0.0866729
921	0.461923	0.0867417
922	0.461777	0.0865958
923	0.461754	0.0865729
924	0.461742	0.0865604
925	0.461663	0.0864813
926	0.46169	0.0865083
927	0.461667	0.0864854
928	0.46164	0.0864583
929	0.461656	0.086475
930	0.461592	0.0864104
931	0.461575	0.0863938
932	0.461619	0.0864375
933	0.461488	0.0863063
934	0.461525	0.0863438
935	0.46156	0.0863792
936	0.461563	0.0863812
937	0.46156	0.0863792
938	0.461569	0.0863875
939	0.461548	0.0863667
940	0.461521	0.0863396
941	0.461419	0.0862375
942	0.461496	0.0863146
943	0.461442	0.0862604
944	0.461433	0.0862521
945	0.461317	0.0861354
946	0.461331	0.08615
947	0.461285	0.0861042
948	0.461285	0.0861042
949	0.461142	0.0859604
950	0.461179	0.0859979
951	0.461169	0.0859875
952	0.461167	0.0859854
953	0.461127	0.0859458
954	0.461123	0.0859417
955	0.461163	0.0859812
956	0.461052	0.0858708
957	0.460988	0.0858063
958	0.460996	0.0858146
959	0.460875	0.0856937
960	0.460871	0.0856896
961	0.460846	0.0856646
962	0.46081	0.0856292
963	0.46085	0.0856688
964	0.460802	0.0856208
965	0.460756	0.085575
966	0.460781	0.0856
967	0.460677	0.0854958
968	0.460742	0.0855604
969	0.460673	0.0854917
970	0.460685	0.0855042
971	0.460658	0.0854771
972	0.460581	0.0854
973	0.46066	0.0854792
974	0.460604	0.0854229
975	0.460681	0.0855
976	0.460585	0.0854042
977	0.460531	0.08535
978	0.460592	0.0854104
979	0.460523	0.0853417
980	0.460546	0.0853646
981	0.460463	0.0852813
982	0.460502	0.0853208
983	0.460423	0.0852417
984	0.460385	0.0852042
985	0.460288	0.0851063
986	0.460269	0.0850875
987	0.460304	0.0851229
988	0.460258	0.0850771
989	0.460123	0.0849417
990	0.460185	0.0850042
991	0.460123	0.0849417
992	0.460054	0.0848729
993	0.460096	0.0849146
994	0.460075	0.0848937
995	0.459975	0.0847937
996	0.46	0.0848188
997	0.45994	0.0847583
998	0.460019	0.0848375
999	0.459944	0.0847625
1000	0.459998	0.0848167
1001	0.45985	0.0846687
1002	0.459869	0.0846875
1003	0.459833	0.0846521
1004	0.459787	0.0846063
1005	0.459733	0.0845521
1006	0.459792	0.0846104
1007	0.459696	0.0845146
1008	0.459752	0.0845708
1009	0.459738	0.0845563
1010	0.45969	0.0845083
1011	0.459608	0.0844271
1012	0.45954	0.0843583
1013	0.459646	0.0844646
1014	0.459617	0.0844354
1015	0.459579	0.0843979
1016	0.459487	0.0843062
1017	0.459571	0.0843896
1018	0.459619	0.0844375
1019	0.459546	0.0843646
1020	0.459579	0.0843979
1021	0.459619	0.0844375
1022	0.459567	0.0843854
1023	0.459525	0.0843437
1024	0.459592	0.0844104
1025	0.459504	0.0843229
1026	0.459604	0.0844229
1027	0.45949	0.0843083
1028	0.459446	0.0842646
1029	0.459404	0.0842229
1030	0.459427	0.0842458
1031	0.459321	0.0841396
1032	0.45924	0.0840583
1033	0.459308	0.0841271
1034	0.459262	0.0840812
1035	0.459167	0.0839854
1036	0.459148	0.0839667
1037	0.45916	0.0839792
1038	0.459073	0.0838917
1039	0.459035	0.0838542
1040	0.459029	0.0838479
1041	0.458946	0.0837646
1042	0.45896	0.0837792
1043	0.459069	0.0838875
1044	0.458971	0.0837896
1045	0.458994	0.0838125
1046	0.459006	0.083825
1047	0.458952	0.0837708
1048	0.458954	0.0837729
1049	0.458954	0.0837729
1050	0.458994	0.0838125
1051	0.458935	0.0837542
1052	0.458935	0.0837542
1053	0.458933	0.0837521
1054	0.458894	0.0837125
1055	0.458838	0.0836563
1056	0.458835	0.0836542
1057	0.458858	0.0836771
1058	0.458758	0.0835771
1059	0.458756	0.083575
1060	0.458798	0.0836167
1061	0.458771	0.0835896
1062	0.458731	0.08355
1063	0.458656	0.083475
1064	0.458654	0.0834729
1065	0.458585	0.0834042
1066	0.458638	0.0834562
1067	0.458656	0.083475
1068	0.458527	0.0833458
1069	0.458515	0.0833333
1070	0.458571	0.0833896
1071	0.458562	0.0833813
1072	0.458496	0.0833146
1073	0.458515	0.0833333
1074	0.45845	0.0832687
1075	0.458506	0.083325
1076	0.458425	0.0832438
1077	0.458406	0.083225
1078	0.458375	0.0831937
1079	0.458337	0.0831563
1080	0.458342	0.0831604
1081	0.458265	0.0830833
1082	0.458275	0.0830937
1083	0.458269	0.0830875
1084	0.458194	0.0830125
1085	0.458075	0.0828938
1086	0.458015	0.0828333
1087	0.458008	0.0828271
1088	0.458035	0.0828542
1089	0.457975	0.0827937
1090	0.458015	0.0828333
1091	0.457935	0.0827542
1092	0.457833	0.0826521
1093	0.457871	0.0826896
1094	0.457777	0.0825958
1095	0.457767	0.0825854
1096	0.45769	0.0825083
1097	0.45764	0.0824583
1098	0.457621	0.0824396
1099	0.457631	0.08245
1100	0.457613	0.0824312
1101	0.457544	0.0823625
1102	0.457613	0.0824312
1103	0.457569	0.0823875
1104	0.457613	0.0824312
1105	0.457617	0.0824354
1106	0.457556	0.082375
1107	0.457535	0.0823542
1108	0.457448	0.0822667
1109	0.457465	0.0822833
1110	0.457435	0.0822542
1111	0.457417	0.0822354
1112	0.457296	0.0821146
1113	0.457331	0.08215
1114	0.457235	0.0820542
1115	0.457148	0.0819667
1116	0.457127	0.0819458
1117	0.457152	0.0819708
1118	0.457081	0.0819
1119	0.457171	0.0819896
1120	0.45701	0.0818292
1121	0.45701	0.0818292
1122	0.456915	0.0817333
1123	0.456962	0.0817813
1124	0.456946	0.0817646
1125	0.456875	0.0816938
1126	0.456921	0.0817396
1127	0.456867	0.0816854
1128	0.456835	0.0816542
1129	0.456927	0.0817458
1130	0.456896	0.0817146
1131	0.45696	0.0817792
1132	0.456902	0.0817208
1133	0.456898	0.0817167
1134	0.456819	0.0816375
1135	0.456754	0.0815729
1136	0.456735	0.0815542
1137	0.456681	0.0815
1138	0.456685	0.0815042
1139	0.45665	0.0814688
1140	0.456579	0.0813979
1141	0.4565	0.0813188
1142	0.456502	0.0813208
1143	0.456492	0.0813104
1144	0.456435	0.0812542
1145	0.456344	0.0811625
1146	0.456306	0.081125
1147	0.456323	0.0811417
1148	0.456304	0.0811229
1149	0.456269	0.0810875
1150	0.456252	0.0810708
1151	0.456212	0.0810312
1152	0.456219	0.0810375
1153	0.456133	0.0809521
1154	0.4562	0.0810188
1155	0.456123	0.0809417
1156	0.456054	0.0808729
1157	0.456113	0.0809312
1158	0.456058	0.0808771
1159	0.456083	0.0809021
1160	0.455906	0.080725
1161	0.455917	0.0807354
1162	0.45586	0.0806792
1163	0.455848	0.0806667
1164	0.455854	0.0806729
1165	0.455881	0.0807
1166	0.455915	0.0807333
1167	0.455825	0.0806438
1168	0.455856	0.080675
1169	0.455808	0.0806271
1170	0.455852	0.0806708
1171	0.455773	0.0805917
1172	0.45576	0.0805792
1173	0.45586	0.0806792
1174	0.45576	0.0805792
1175	0.455781	0.0806
1176	0.455767	0.0805854
1177	0.455629	0.0804479
1178	0.455712	0.0805312
1179	0.455679	0.0804979
1180	0.455733	0.0805521
1181	0.4557	0.0805188
1182	0.455673	0.0804917
1183	0.455594	0.0804125
1184	0.455652	0.0804708
1185	0.45554	0.0803583
1186	0.455487	0.0803062
1187	0.455433	0.0802521
1188	0.455375	0.0801938
1189	0.455371	0.0801896
1190	0.455335	0.0801542
1191	0.455298	0.0801167
1192	0.455323	0.0801417
1193	0.455269	0.0800875
1194	0.45521	0.0800292
1195	0.455162	0.0799813
1196	0.455252	0.0800708
1197	0.455154	0.0799729
1198	0.455035	0.0798542
1199	0.4552	0.0800188
1200	0.45511	0.0799292
1201	0.455033	0.0798521
1202	0.454954	0.0797729
1203	0.454881	0.0797
1204	0.454958	0.0797771
1205	0.45489	0.0797083
1206	0.454738	0.0795562
1207	0.454819	0.0796375
1208	0.454758	0.0795771
1209	0.454798	0.0796167
1210	0.454754	0.0795729
1211	0.454779	0.0795979
1212	0.454704	0.0795229
1213	0.45476	0.0795792
1214	0.454663	0.0794813
1215	0.454596	0.0794146
1216	0.454587	0.0794062
1217	0.454477	0.0792958
1218	0.454583	0.0794021
1219	0.454604	0.0794229
1220	0.454565	0.0793833
1221	0.454527	0.0793458
1222	0.454558	0.0793771
1223	0.454533	0.0793521
1224	0.454554	0.0793729
1225	0.454506	0.079325
1226	0.454508	0.0793271
1227	0.454521	0.0793396
1228	0.454435	0.0792542
1229	0.45445	0.0792688
1230	0.45446	0.0792792
1231	0.45444	0.0792583
1232	0.454473	0.0792917
1233	0.454373	0.0791917
1234	0.454333	0.0791521
1235	0.454304	0.0791229
1236	0.454265	0.0790833
1237	0.45421	0.0790292
1238	0.454163	0.0789813
1239	0.454085	0.0789042
1240	0.453979	0.0787979
1241	0.453925	0.0787437
1242	0.453963	0.0787812
1243	0.45401	0.0788292
1244	0.453944	0.0787625
1245	0.453988	0.0788063
1246	0.454004	0.0788229
1247	0.453954	0.0787729
1248	0.453881	0.0787
1249	0.453946	0.0787646
1250	0.453952	0.0787708
1251	0.453979	0.0787979
1252	0.453915	0.0787333
1253	0.453902	0.0787208
1254	0.453842	0.0786604
1255	0.453835	0.0786542
1256	0.4539	0.0787188
1257	0.453796	0.0786146
1258	0.453871	0.0786896
1259	0.453835	0.0786542
1260	0.453652	0.0784708
1261	0.453644	0.0784625
1262	0.453629	0.0784479
1263	0.453675	0.0784938
1264	0.453592	0.0784104
1265	0.453573	0.0783917
1266	0.453623	0.0784417
1267	0.453648	0.0784667
1268	0.453629	0.0784479
1269	0.453633	0.0784521
1270	0.453681	0.0785
1271	0.453619	0.0784375
1272	0.453569	0.0783875
1273	0.453504	0.0783229
1274	0.453535	0.0783542
1275	0.453467	0.0782854
1276	0.453429	0.0782479
1277	0.453485	0.0783042
1278	0.453487	0.0783063
1279	0.453521	0.0783396
1280	0.453481	0.0783
1281	0.453446	0.0782646
1282	0.453442	0.0782604
1283	0.453394	0.0782125
1284	0.453431	0.07825
1285	0.453406	0.078225
1286	0.453365	0.0781833
1287	0.45329	0.0781083
1288	0.453333	0.0781521
1289	0.453337	0.0781562
1290	0.453317	0.0781354
1291	0.453263	0.0780813
1292	0.453192	0.0780104
1293	0.453081	0.0779
1294	0.453025	0.0778437
1295	0.453029	0.0778479
1296	0.452983	0.0778021
1297	0.452998	0.0778167
1298	0.453006	0.077825
1299	0.452877	0.0776958
1300	0.452942	0.0777604
1301	0.452923	0.0777417
1302	0.452858	0.0776771
1303	0.452808	0.0776271
1304	0.45276	0.0775792
1305	0.45276	0.0775792
1306	0.4527	0.0775188
1307	0.452771	0.0775896
1308	0.452704	0.0775229
1309	0.452696	0.0775146
1310	0.452698	0.0775167
1311	0.452592	0.0774104
1312	0.45259	0.0774083
1313	0.452617	0.0774354
1314	0.452635	0.0774542
1315	0.452685	0.0775042
1316	0.452548	0.0773667
1317	0.452594	0.0774125
1318	0.452592	0.0774104
1319	0.452652	0.0774708
1320	0.452608	0.0774271
1321	0.452625	0.0774437
1322	0.452573	0.0773917
1323	0.452648	0.0774667
1324	0.452581	0.0774
1325	0.452556	0.077375
1326	0.452648	0.0774667
1327	0.452623	0.0774417
1328	0.452519	0.0773375
1329	0.452412	0.0772313
1330	0.452404	0.0772229
1331	0.4525	0.0773188
1332	0.452425	0.0772438
1333	0.452435	0.0772542
1334	0.452381	0.0772
1335	0.452319	0.0771375
1336	0.452331	0.07715
1337	0.452358	0.0771771
1338	0.452358	0.0771771
1339	0.452325	0.0771438
1340	0.452277	0.0770958
1341	0.452204	0.0770229
1342	0.452198	0.0770167
1343	0.452206	0.077025
1344	0.452175	0.0769937
1345	0.452213	0.0770312
1346	0.452173	0.0769917
1347	0.452138	0.0769562
1348	0.452117	0.0769354
1349	0.452106	0.076925
1350	0.452079	0.0768979
1351	0.452123	0.0769417
1352	0.452042	0.0768604
1353	0.451952	0.0767708
1354	0.451952	0.0767708
1355	0.451894	0.0767125
1356	0.45185	0.0766687
1357	0.451887	0.0767063
1358	0.451935	0.0767542
1359	0.451875	0.0766938
1360	0.451848	0.0766667
1361	0.451815	0.0766333
1362	0.451781	0.0766
1363	0.451758	0.0765771
1364	0.45169	0.0765083
1365	0.451658	0.0764771
1366	0.45166	0.0764792
1367	0.451613	0.0764313
1368	0.451562	0.0763813
1369	0.451638	0.0764562
1370	0.451587	0.0764062
1371	0.451467	0.0762854
1372	0.451488	0.0763063
1373	0.451454	0.0762729
1374	0.451417	0.0762354
1375	0.451454	0.0762729
1376	0.451483	0.0763021
1377	0.451533	0.0763521
1378	0.451575	0.0763938
1379	0.451502	0.0763208
1380	0.451433	0.0762521
1381	0.451379	0.0761979
1382	0.451431	0.07625
1383	0.451465	0.0762833
1384	0.451371	0.0761896
1385	0.451294	0.0761125
1386	0.451219	0.0760375
1387	0.451198	0.0760167
1388	0.451177	0.0759958
1389	0.451138	0.0759562
1390	0.451088	0.0759062
1391	0.451096	0.0759146
1392	0.451017	0.0758354
1393	0.451017	0.0758354
1394	0.450954	0.0757729
1395	0.450921	0.0757396
1396	0.45086	0.0756792
1397	0.450935	0.0757542
1398	0.450904	0.0757229
1399	0.450917	0.0757354
1400	0.450965	0.0757833
1401	0.450925	0.0757437
1402	0.450921	0.0757396
1403	0.450927	0.0757458
1404	0.450873	0.0756917
1405	0.450827	0.0756458
1406	0.450829	0.0756479
1407	0.450765	0.0755833
1408	0.450748	0.0755667
1409	0.450865	0.0756833
1410	0.4507	0.0755187
1411	0.450642	0.0754604
1412	0.450673	0.0754917
1413	0.450742	0.0755604
1414	0.450696	0.0755146
1415	0.450752	0.0755708
1416	0.450637	0.0754562
1417	0.450685	0.0755042
1418	0.45065	0.0754687
1419	0.450619	0.0754375
1420	0.450637	0.0754562
1421	0.450565	0.0753833
1422	0.45061	0.0754292
1423	0.450625	0.0754438
1424	0.450615	0.0754333
1425	0.450648	0.0754667
1426	0.450623	0.0754417
1427	0.450642	0.0754604
1428	0.450558	0.0753771
1429	0.45046	0.0752792
1430	0.450492	0.0753104
1431	0.450492	0.0753104
1432	0.450435	0.0752542
1433	0.450452	0.0752708
1434	0.450352	0.0751708
1435	0.450323	0.0751417
1436	0.45035	0.0751688
1437	0.450321	0.0751396
1438	0.450437	0.0752563
1439	0.4504	0.0752188
1440	0.450356	0.075175
1441	0.450325	0.0751437
1442	0.450335	0.0751542
1443	0.450231	0.07505
1444	0.45019	0.0750083
1445	0.450202	0.0750208
1446	0.450233	0.0750521
1447	0.450219	0.0750375
1448	0.450181	0.075
1449	0.450163	0.0749812
1450	0.450094	0.0749125
1451	0.450077	0.0748958
1452	0.45004	0.0748583
1453	0.44994	0.0747583
1454	0.449971	0.0747896
1455	0.449977	0.0747958
1456	0.449921	0.0747396
1457	0.449931	0.07475
1458	0.449879	0.0746979
1459	0.449904	0.0747229
1460	0.449848	0.0746667
1461	0.449856	0.074675
1462	0.449735	0.0745542
1463	0.4497	0.0745187
1464	0.449723	0.0745417
1465	0.449654	0.0744729
1466	0.44969	0.0745083
1467	0.449725	0.0745438
1468	0.449623	0.0744417
1469	0.449625	0.0744438
1470	0.449577	0.0743958
1471	0.4496	0.0744188
1472	0.449571	0.0743896
1473	0.449581	0.0744
1474	0.449481	0.0743
1475	0.449444	0.0742625
1476	0.449471	0.0742896
1477	0.449448	0.0742667
1478	0.449465	0.0742833
1479	0.44944	0.0742583
1480	0.44935	0.0741687
1481	0.449329	0.0741479
1482	0.449358	0.0741771
1483	0.449362	0.0741813
1484	0.449296	0.0741146
1485	0.449283	0.0741021
1486	0.449338	0.0741562
1487	0.44916	0.0739792
1488	0.449194	0.0740125
1489	0.449171	0.0739896
1490	0.449167	0.0739854
1491	0.449177	0.0739958
1492	0.449183	0.0740021
1493	0.449144	0.0739625
1494	0.449152	0.0739708
1495	0.449094	0.0739125
1496	0.44904	0.0738583
1497	0.449138	0.0739563
1498	0.449052	0.0738708
1499	0.448977	0.0737958
1500	0.448954	0.0737729
1501	0.448988	0.0738062
1502	0.448902	0.0737208
1503	0.448971	0.0737896
1504	0.448908	0.0737271
1505	0.448896	0.0737146
1506	0.448835	0.0736542
1507	0.448752	0.0735708
1508	0.448694	0.0735125
1509	0.448662	0.0734812
1510	0.448613	0.0734313
1511	0.448602	0.0734208
1512	0.44856	0.0733792
1513	0.448548	0.0733667
1514	0.44849	0.0733083
1515	0.448487	0.0733062
1516	0.448487	0.0733062
1517	0.448404	0.0732229
1518	0.448383	0.0732021
1519	0.448323	0.0731417
1520	0.448225	0.0730437
1521	0.448258	0.0730771
1522	0.448175	0.0729937
1523	0.448173	0.0729917
1524	0.448121	0.0729396
1525	0.448123	0.0729417
1526	0.448181	0.073
1527	0.448106	0.072925
1528	0.448042	0.0728604
1529	0.448042	0.0728604
1530	0.447933	0.0727521
1531	0.447931	0.07275
1532	0.447967	0.0727854
1533	0.447946	0.0727646
1534	0.447904	0.0727229
1535	0.447929	0.0727479
1536	0.447906	0.072725
1537	0.447933	0.0727521
1538	0.447913	0.0727312
1539	0.447904	0.0727229
1540	0.44784	0.0726583
1541	0.447833	0.0726521
1542	0.447865	0.0726833
1543	0.447812	0.0726312
1544	0.447688	0.0725062
1545	0.447735	0.0725542
1546	0.447679	0.0724979
1547	0.447719	0.0725375
1548	0.447612	0.0724313
1549	0.447667	0.0724854
1550	0.447642	0.0724604
1551	0.447592	0.0724104
1552	0.447627	0.0724458
1553	0.447654	0.0724729
1554	0.447567	0.0723854
1555	0.447633	0.0724521
1556	0.447565	0.0723833
1557	0.447538	0.0723562
1558	0.447615	0.0724333
1559	0.447515	0.0723333
1560	0.447521	0.0723396
1561	0.447571	0.0723896
1562	0.447579	0.0723979
1563	0.447646	0.0724646
1564	0.447529	0.0723479
1565	0.447538	0.0723562
1566	0.447471	0.0722896
1567	0.44734	0.0721583
1568	0.447344	0.0721625
1569	0.447392	0.0722104
1570	0.447302	0.0721208
1571	0.447271	0.0720896
1572	0.447235	0.0720542
1573	0.447242	0.0720604
1574	0.447262	0.0720813
1575	0.447262	0.0720813
1576	0.44716	0.0719792
1577	0.447138	0.0719562
1578	0.447244	0.0720625
1579	0.447206	0.072025
1580	0.447177	0.0719958
1581	0.447156	0.071975
1582	0.44711	0.0719292
1583	0.447175	0.0719938
1584	0.4471	0.0719187
1585	0.447102	0.0719208
1586	0.447002	0.0718208
1587	0.446973	0.0717917
1588	0.446965	0.0717833
1589	0.446973	0.0717917
1590	0.44699	0.0718083
1591	0.446985	0.0718042
1592	0.446844	0.0716625
1593	0.446908	0.0717271
1594	0.446894	0.0717125
1595	0.446904	0.0717229
1596	0.446938	0.0717563
1597	0.446856	0.071675
1598	0.446819	0.0716375
1599	0.446771	0.0715896
1600	0.446735	0.0715542
1601	0.446748	0.0715667
1602	0.446683	0.0715021
1603	0.446706	0.071525
1604	0.44664	0.0714583
1605	0.446683	0.0715021
1606	0.446648	0.0714667
1607	0.446625	0.0714438
1608	0.446635	0.0714542
1609	0.446677	0.0714958
1610	0.446665	0.0714833
1611	0.446577	0.0713958
1612	0.446565	0.0713833
1613	0.446519	0.0713375
1614	0.446546	0.0713646
1615	0.446448	0.0712667
1616	0.446485	0.0713042
1617	0.446369	0.0711875
1618	0.446444	0.0712625
1619	0.446438	0.0712563
1620	0.446381	0.0712
1621	0.446348	0.0711667
1622	0.446304	0.0711229
1623	0.44631	0.0711292
1624	0.446269	0.0710875
1625	0.446292	0.0711104
1626	0.446279	0.0710979
1627	0.446158	0.0709771
1628	0.446148	0.0709667
1629	0.446052	0.0708708
1630	0.446054	0.0708729
1631	0.446056	0.070875
1632	0.446096	0.0709146
1633	0.446027	0.0708458
1634	0.445969	0.0707875
1635	0.445933	0.0707521
1636	0.445944	0.0707625
1637	0.445946	0.0707646
1638	0.445929	0.0707479
1639	0.44589	0.0707083
1640	0.445904	0.0707229
1641	0.44584	0.0706583
1642	0.445806	0.070625
1643	0.445831	0.07065
1644	0.4458	0.0706187
1645	0.445775	0.0705938
1646	0.445758	0.0705771
1647	0.445671	0.0704896
1648	0.445627	0.0704458
1649	0.445635	0.0704542
1650	0.445556	0.070375
1651	0.445548	0.0703667
1652	0.445523	0.0703417
1653	0.44545	0.0702688
1654	0.445444	0.0702625
1655	0.445415	0.0702333
1656	0.445388	0.0702062
1657	0.445402	0.0702208
1658	0.4454	0.0702187
1659	0.445331	0.07015
1660	0.445248	0.0700667
1661	0.445271	0.0700896
1662	0.445287	0.0701063
1663	0.445315	0.0701333
1664	0.445358	0.0701771
1665	0.445352	0.0701708
1666	0.445271	0.0700896
1667	0.445385	0.0702042
1668	0.445333	0.0701521
1669	0.445256	0.070075
1670	0.445302	0.0701208
1671	0.445267	0.0700854
1672	0.44526	0.0700792
1673	0.445215	0.0700333
1674	0.445177	0.0699958
1675	0.445077	0.0698958
1676	0.445138	0.0699563
1677	0.445042	0.0698604
1678	0.444992	0.0698104
1679	0.444973	0.0697917
1680	0.445029	0.0698479
1681	0.444946	0.0697646
1682	0.445015	0.0698333
1683	0.444908	0.0697271
1684	0.444867	0.0696854
1685	0.444854	0.0696729
1686	0.444798	0.0696167
1687	0.444783	0.0696021
1688	0.44465	0.0694688
1689	0.44471	0.0695292
1690	0.444617	0.0694354
1691	0.444596	0.0694146
1692	0.444554	0.0693729
1693	0.444535	0.0693542
1694	0.444527	0.0693458
1695	0.444435	0.0692542
1696	0.44445	0.0692687
1697	0.444467	0.0692854
1698	0.444438	0.0692563
1699	0.444473	0.0692917
1700	0.444454	0.0692729
1701	0.444429	0.0692479
1702	0.444479	0.0692979
1703	0.444456	0.069275
1704	0.444429	0.0692479
1705	0.444315	0.0691333
1706	0.444333	0.0691521
1707	0.44429	0.0691083
1708	0.444275	0.0690937
1709	0.444302	0.0691208
1710	0.444273	0.0690917
1711	0.444252	0.0690708
1712	0.444267	0.0690854
1713	0.444292	0.0691104
1714	0.444298	0.0691167
1715	0.444277	0.0690958
1716	0.444244	0.0690625
1717	0.444212	0.0690313
1718	0.444154	0.0689729
1719	0.4442	0.0690188
1720	0.44419	0.0690083
1721	0.444092	0.0689104
1722	0.444119	0.0689375
1723	0.444125	0.0689437
1724	0.44409	0.0689083
1725	0.444077	0.0688958
1726	0.4441	0.0689187
1727	0.444106	0.068925
1728	0.444065	0.0688833
1729	0.444033	0.0688521
1730	0.444033	0.0688521
1731	0.444031	0.06885
1732	0.444031	0.06885
1733	0.444069	0.0688875
1734	0.444081	0.0689
1735	0.444035	0.0688542
1736	0.443985	0.0688042
1737	0.443946	0.0687646
1738	0.443996	0.0688146
1739	0.443994	0.0688125
1740	0.444048	0.0688667
1741	0.444035	0.0688542
1742	0.444008	0.0688271
1743	0.443944	0.0687625
1744	0.443987	0.0688063
1745	0.443977	0.0687958
1746	0.443929	0.0687479
1747	0.443906	0.068725
1748	0.443862	0.0686812
1749	0.443906	0.068725
1750	0.44386	0.0686792
1751	0.443833	0.0686521
1752	0.443815	0.0686333
1753	0.443792	0.0686104
1754	0.443819	0.0686375
1755	0.443821	0.0686396
1756	0.443825	0.0686437
1757	0.443835	0.0686542
1758	0.443706	0.068525
1759	0.443715	0.0685333
1760	0.443671	0.0684896
1761	0.44361	0.0684292
1762	0.4436	0.0684187
1763	0.443617	0.0684354
1764	0.443648	0.0684667
1765	0.44361	0.0684292
1766	0.443615	0.0684333
1767	0.443615	0.0684333
1768	0.443558	0.0683771
1769	0.443644	0.0684625
1770	0.443608	0.0684271
1771	0.443579	0.0683979
1772	0.443575	0.0683938
1773	0.443637	0.0684562
1774	0.443533	0.0683521
1775	0.443454	0.0682729
1776	0.443533	0.0683521
1777	0.443538	0.0683563
1778	0.443604	0.0684229
1779	0.44356	0.0683792
1780	0.443535	0.0683542
1781	0.443533	0.0683521
1782	0.443494	0.0683125
1783	0.443544	0.0683625
1784	0.443477	0.0682958
1785	0.443437	0.0682563
1786	0.443381	0.0682
1787	0.443415	0.0682333
1788	0.443358	0.0681771
1789	0.443312	0.0681313
1790	0.443363	0.0681812
1791	0.443329	0.0681479
1792	0.443329	0.0681479
1793	0.443323	0.0681417
1794	0.443319	0.0681375
1795	0.443294	0.0681125
1796	0.44324	0.0680583
1797	0.443223	0.0680417
1798	0.443179	0.0679979
1799	0.443206	0.068025
1800	0.443202	0.0680208
1801	0.443206	0.068025
1802	0.443188	0.0680062
1803	0.443173	0.0679917
1804	0.443119	0.0679375
1805	0.442979	0.0677979
1806	0.442906	0.067725
1807	0.442892	0.0677104
1808	0.442892	0.0677104
1809	0.442783	0.0676021
1810	0.442819	0.0676375
1811	0.442844	0.0676625
1812	0.442869	0.0676875
1813	0.442846	0.0676646
1814	0.442781	0.0676
1815	0.442785	0.0676042
1816	0.442804	0.0676229
1817	0.442858	0.0676771
1818	0.442848	0.0676667
1819	0.442721	0.0675396
1820	0.442769	0.0675875
1821	0.442777	0.0675958
1822	0.44279	0.0676083
1823	0.442742	0.0675604
1824	0.442756	0.067575
1825	0.442667	0.0674854
1826	0.442737	0.0675562
1827	0.442779	0.0675979
1828	0.442748	0.0675667
1829	0.442729	0.0675479
1830	0.442771	0.0675896
1831	0.442737	0.0675562
1832	0.442715	0.0675333
1833	0.442683	0.0675021
1834	0.442731	0.06755
1835	0.442688	0.0675063
1836	0.442663	0.0674812
1837	0.442685	0.0675042
1838	0.442631	0.06745
1839	0.442612	0.0674312
1840	0.442619	0.0674375
1841	0.442644	0.0674625
1842	0.442612	0.0674312
1843	0.44259	0.0674083
1844	0.442658	0.0674771
1845	0.442644	0.0674625
1846	0.442604	0.0674229
1847	0.442615	0.0674333
1848	0.442519	0.0673375
1849	0.442537	0.0673563
1850	0.44251	0.0673292
1851	0.442477	0.0672958
1852	0.442533	0.0673521
1853	0.442494	0.0673125
1854	0.442417	0.0672354
1855	0.442429	0.0672479
1856	0.442496	0.0673146
1857	0.442483	0.0673021
1858	0.442475	0.0672937
1859	0.442442	0.0672604
1860	0.442417	0.0672354
1861	0.442362	0.0671813
1862	0.442479	0.0672979
1863	0.442373	0.0671917
1864	0.442412	0.0672313
1865	0.442375	0.0671937
1866	0.442377	0.0671958
1867	0.442392	0.0672104
1868	0.442377	0.0671958
1869	0.442331	0.06715
1870	0.442254	0.0670729
1871	0.442306	0.067125
1872	0.442242	0.0670604
1873	0.442265	0.0670833
1874	0.442367	0.0671854
1875	0.44231	0.0671292
1876	0.442333	0.0671521
1877	0.442402	0.0672208
1878	0.442365	0.0671833
1879	0.442346	0.0671646
1880	0.442273	0.0670917
1881	0.44226	0.0670792
1882	0.442219	0.0670375
1883	0.442183	0.0670021
1884	0.442167	0.0669854
1885	0.44221	0.0670292
1886	0.442215	0.0670333
1887	0.442108	0.0669271
1888	0.4421	0.0669188
1889	0.442169	0.0669875
1890	0.442065	0.0668833
1891	0.442075	0.0668937
1892	0.442156	0.066975
1893	0.442079	0.0668979
1894	0.442146	0.0669646
1895	0.442177	0.0669958
1896	0.442158	0.0669771
1897	0.442146	0.0669646
1898	0.442117	0.0669354
1899	0.442123	0.0669417
1900	0.442102	0.0669208
1901	0.44224	0.0670583
1902	0.442146	0.0669646
1903	0.442163	0.0669812
1904	0.442183	0.0670021
1905	0.4421	0.0669188
1906	0.442073	0.0668917
1907	0.442065	0.0668833
1908	0.44204	0.0668583
1909	0.44204	0.0668583
1910	0.442035	0.0668542
1911	0.441963	0.0667813
1912	0.441935	0.0667542
1913	0.441942	0.0667604
1914	0.44186	0.0666792
1915	0.441773	0.0665917
1916	0.44181	0.0666292
1917	0.441742	0.0665604
1918	0.441765	0.0665833
1919	0.441798	0.0666167
1920	0.441767	0.0665854
1921	0.441669	0.0664875
1922	0.441677	0.0664958
1923	0.44166	0.0664792
1924	0.441629	0.0664479
1925	0.441642	0.0664604
1926	0.441585	0.0664042
1927	0.441573	0.0663917
1928	0.441621	0.0664396
1929	0.441588	0.0664062
1930	0.441581	0.0664
1931	0.4416	0.0664188
1932	0.441554	0.0663729
1933	0.441569	0.0663875
1934	0.441529	0.0663479
1935	0.441556	0.066375
1936	0.441515	0.0663333
1937	0.441583	0.0664021
1938	0.441575	0.0663937
1939	0.441585	0.0664042
1940	0.441575	0.0663937
1941	0.44151	0.0663292
1942	0.441523	0.0663417
1943	0.441471	0.0662896
1944	0.441454	0.0662729
1945	0.441408	0.0662271
1946	0.441431	0.06625
1947	0.441344	0.0661625
1948	0.44139	0.0662083
1949	0.441427	0.0662458
1950	0.441394	0.0662125
1951	0.441392	0.0662104
1952	0.441352	0.0661708
1953	0.441333	0.0661521
1954	0.441325	0.0661438
1955	0.441337	0.0661563
1956	0.441285	0.0661042
1957	0.441315	0.0661333
1958	0.441325	0.0661438
1959	0.441242	0.0660604
1960	0.441342	0.0661604
1961	0.441279	0.0660979
1962	0.441246	0.0660646
1963	0.441312	0.0661312
1964	0.441337	0.0661563
1965	0.441227	0.0660458
1966	0.44124	0.0660583
1967	0.441217	0.0660354
1968	0.441267	0.0660854
1969	0.441198	0.0660167
1970	0.441181	0.066
1971	0.441175	0.0659937
1972	0.441148	0.0659667
1973	0.44116	0.0659792
1974	0.441173	0.0659917
1975	0.441127	0.0659458
1976	0.441181	0.066
1977	0.441188	0.0660063
1978	0.441121	0.0659396
1979	0.44109	0.0659083
1980	0.441104	0.0659229
1981	0.441104	0.0659229
1982	0.441088	0.0659062
1983	0.441129	0.0659479
1984	0.441088	0.0659062
1985	0.441027	0.0658458
1986	0.441019	0.0658375
1987	0.441017	0.0658354
1988	0.44094	0.0657583
1989	0.440935	0.0657542
1990	0.440977	0.0657958
1991	0.440933	0.0657521
1992	0.440979	0.0657979
1993	0.440821	0.0656396
1994	0.440879	0.0656979
1995	0.440871	0.0656896
1996	0.440825	0.0656438
1997	0.440858	0.0656771
1998	0.440827	0.0656458
1999	0.440821	0.0656396
2000	0.440817	0.0656354
2001	0.440785	0.0656042
2002	0.440852	0.0656708
2003	0.440842	0.0656604
2004	0.440894	0.0657125
2005	0.440775	0.0655937
2006	0.440842	0.0656604
2007	0.440808	0.0656271
2008	0.440781	0.0656
2009	0.440781	0.0656
2010	0.440852	0.0656708
2011	0.440835	0.0656542
2012	0.44085	0.0656687
2013	0.440817	0.0656354
2014	0.440838	0.0656563
2015	0.440833	0.0656521
2016	0.440842	0.0656604
2017	0.440771	0.0655896
2018	0.440767	0.0655854
2019	0.440727	0.0655458
2020	0.440688	0.0655062
2021	0.4408	0.0656188
2022	0.440787	0.0656063
2023	0.4407	0.0655188
2024	0.44074	0.0655583
2025	0.44066	0.0654792
2026	0.440704	0.0655229
2027	0.440733	0.0655521
2028	0.440708	0.0655271
2029	0.44066	0.0654792
2030	0.440688	0.0655062
2031	0.44075	0.0655688
2032	0.440683	0.0655021
2033	0.440648	0.0654667
2034	0.44076	0.0655792
2035	0.440679	0.0654979
2036	0.440731	0.06555
2037	0.440717	0.0655354
2038	0.440754	0.0655729
2039	0.440702	0.0655208
2040	0.440729	0.0655479
2041	0.440708	0.0655271
2042	0.440717	0.0655354
2043	0.440683	0.0655021
2044	0.440667	0.0654854
2045	0.440698	0.0655167
2046	0.440667	0.0654854
2047	0.440673	0.0654917
2048	0.440573	0.0653917
2049	0.440604	0.0654229
2050	0.440606	0.065425
2051	0.440587	0.0654062
2052	0.440592	0.0654104
2053	0.440523	0.0653417
2054	0.440481	0.0653
2055	0.440504	0.0653229
2056	0.440502	0.0653208
2057	0.440565	0.0653833
2058	0.440519	0.0653375
2059	0.440517	0.0653354
2060	0.440531	0.06535
2061	0.440485	0.0653042
2062	0.440523	0.0653417
2063	0.44044	0.0652583
2064	0.4405	0.0653187
2065	0.440446	0.0652646
2066	0.440404	0.0652229
2067	0.44039	0.0652083
2068	0.440363	0.0651812
2069	0.440275	0.0650937
2070	0.440223	0.0650417
2071	0.440165	0.0649833
2072	0.440117	0.0649354
2073	0.440098	0.0649167
2074	0.4401	0.0649187
2075	0.440069	0.0648875
2076	0.440087	0.0649062
2077	0.4401	0.0649187
2078	0.440019	0.0648375
2079	0.440044	0.0648625
2080	0.440042	0.0648604
2081	0.44004	0.0648583
2082	0.440067	0.0648854
2083	0.440019	0.0648375
2084	0.440031	0.06485
2085	0.439933	0.0647521
2086	0.439977	0.0647958
2087	0.439983	0.0648021
2088	0.439912	0.0647312
2089	0.439921	0.0647396
2090	0.43991	0.0647292
2091	0.44	0.0648187
2092	0.439998	0.0648167
2093	0.439948	0.0647667
2094	0.439921	0.0647396
2095	0.439887	0.0647063
2096	0.439877	0.0646958
2097	0.439879	0.0646979
2098	0.439827	0.0646458
2099	0.439865	0.0646833
2100	0.439854	0.0646729
2101	0.439844	0.0646625
2102	0.439858	0.0646771
2103	0.439833	0.0646521
2104	0.439875	0.0646937
2105	0.439829	0.0646479
2106	0.43984	0.0646583
2107	0.439862	0.0646812
2108	0.439835	0.0646542
2109	0.439842	0.0646604
2110	0.43985	0.0646688
2111	0.439785	0.0646042
2112	0.439815	0.0646333
2113	0.439806	0.064625
2114	0.439798	0.0646167
2115	0.439785	0.0646042
2116	0.439792	0.0646104
2117	0.439877	0.0646958
2118	0.439825	0.0646437
2119	0.439877	0.0646958
2120	0.439875	0.0646937
2121	0.439867	0.0646854
2122	0.439754	0.0645729
2123	0.439892	0.0647104
2124	0.439887	0.0647063
2125	0.439896	0.0647146
2126	0.439804	0.0646229
2127	0.439837	0.0646563
2128	0.439813	0.0646313
2129	0.439779	0.0645979
2130	0.439769	0.0645875
2131	0.439802	0.0646208
2132	0.439731	0.06455
2133	0.439698	0.0645167
2134	0.439721	0.0645396
2135	0.439648	0.0644667
2136	0.439727	0.0645458
2137	0.43966	0.0644792
2138	0.439677	0.0644958
2139	0.43971	0.0645292
2140	0.439667	0.0644854
2141	0.439652	0.0644708
2142	0.43961	0.0644292
2143	0.439596	0.0644146
2144	0.439594	0.0644125
2145	0.439571	0.0643896
2146	0.439544	0.0643625
2147	0.439512	0.0643312
2148	0.439477	0.0642958
2149	0.43951	0.0643292
2150	0.439398	0.0642167
2151	0.439494	0.0643125
2152	0.439431	0.06425
2153	0.43936	0.0641792
2154	0.439394	0.0642125
2155	0.43935	0.0641688
2156	0.43934	0.0641583
2157	0.439267	0.0640854
2158	0.439342	0.0641604
2159	0.439258	0.0640771
2160	0.439248	0.0640667
2161	0.439227	0.0640458
2162	0.439294	0.0641125
2163	0.439215	0.0640333
2164	0.43916	0.0639792
2165	0.439167	0.0639854
2166	0.43921	0.0640292
2167	0.439135	0.0639542
2168	0.439167	0.0639854
2169	0.439102	0.0639208
2170	0.439156	0.063975
2171	0.43914	0.0639583
2172	0.439192	0.0640104
2173	0.439117	0.0639354
2174	0.439098	0.0639167
2175	0.439096	0.0639146
2176	0.439077	0.0638958
2177	0.439067	0.0638854
2178	0.43904	0.0638583
2179	0.438908	0.0637271
2180	0.438967	0.0637854
2181	0.438937	0.0637562
2182	0.438931	0.06375
2183	0.438929	0.0637479
2184	0.4389	0.0637188
2185	0.43884	0.0636583
2186	0.438873	0.0636917
2187	0.438906	0.063725
2188	0.438852	0.0636708
2189	0.43885	0.0636688
2190	0.438885	0.0637042
2191	0.438846	0.0636646
2192	0.43895	0.0637688
2193	0.438852	0.0636708
2194	0.438877	0.0636958
2195	0.438854	0.0636729
2196	0.438833	0.0636521
2197	0.438894	0.0637125
2198	0.43881	0.0636292
2199	0.43875	0.0635687
2200	0.438844	0.0636625
2201	0.438852	0.0636708
2202	0.43884	0.0636583
2203	0.438892	0.0637104
2204	0.438804	0.0636229
2205	0.438738	0.0635562
2206	0.438729	0.0635479
2207	0.43869	0.0635083
2208	0.438669	0.0634875
2209	0.438719	0.0635375
2210	0.438713	0.0635312
2211	0.43864	0.0634583
2212	0.43865	0.0634687
2213	0.438623	0.0634417
2214	0.438606	0.063425
2215	0.438583	0.0634021
2216	0.438575	0.0633937
2217	0.43854	0.0633583
2218	0.438508	0.0633271
2219	0.438558	0.0633771
2220	0.438485	0.0633042
2221	0.438563	0.0633812
2222	0.438479	0.0632979
2223	0.438581	0.0634
2224	0.438573	0.0633917
2225	0.438552	0.0633708
2226	0.43846	0.0632792
2227	0.438625	0.0634438
2228	0.438506	0.063325
2229	0.438479	0.0632979
2230	0.438467	0.0632854
2231	0.438485	0.0633042
2232	0.4384	0.0632188
2233	0.438425	0.0632437
2234	0.438354	0.0631729
2235	0.438398	0.0632167
2236	0.438348	0.0631667
2237	0.438317	0.0631354
2238	0.43835	0.0631687
2239	0.438296	0.0631146
2240	0.438248	0.0630667
2241	0.43821	0.0630292
2242	0.438225	0.0630438
2243	0.438192	0.0630104
2244	0.4382	0.0630187
2245	0.438221	0.0630396
2246	0.438192	0.0630104
2247	0.438194	0.0630125
2248	0.438129	0.0629479
2249	0.438115	0.0629333
2250	0.43806	0.0628792
2251	0.438	0.0628188
2252	0.43796	0.0627792
2253	0.438029	0.0628479
2254	0.438	0.0628188
2255	0.438038	0.0628562
2256	0.438008	0.0628271
2257	0.43799	0.0628083
2258	0.437979	0.0627979
2259	0.437971	0.0627896
2260	0.437925	0.0627438
2261	0.43791	0.0627292
2262	0.437885	0.0627042
2263	0.437908	0.0627271
2264	0.437802	0.0626208
2265	0.437781	0.0626
2266	0.437785	0.0626042
2267	0.437785	0.0626042
2268	0.437733	0.0625521
2269	0.43774	0.0625583
2270	0.437731	0.06255
2271	0.437704	0.0625229
2272	0.437694	0.0625125
2273	0.437717	0.0625354
2274	0.437635	0.0624542
2275	0.437669	0.0624875
2276	0.437627	0.0624458
2277	0.437575	0.0623938
2278	0.437623	0.0624417
2279	0.43766	0.0624792
2280	0.437635	0.0624542
2281	0.437575	0.0623938
2282	0.437569	0.0623875
2283	0.43754	0.0623583
2284	0.437542	0.0623604
2285	0.437488	0.0623063
2286	0.437531	0.06235
2287	0.437492	0.0623104
2288	0.437527	0.0623458
2289	0.437458	0.0622771
2290	0.437502	0.0623208
2291	0.43744	0.0622583
2292	0.437473	0.0622917
2293	0.437456	0.062275
2294	0.43744	0.0622583
2295	0.437367	0.0621854
2296	0.437375	0.0621938
2297	0.437346	0.0621646
2298	0.437381	0.0622
2299	0.437375	0.0621938
2300	0.437333	0.0621521
2301	0.437354	0.0621729
2302	0.437333	0.0621521
2303	0.437321	0.0621396
2304	0.437285	0.0621042
2305	0.437265	0.0620833
2306	0.43721	0.0620292
2307	0.437244	0.0620625
2308	0.43726	0.0620792
2309	0.437208	0.0620271
2310	0.437258	0.0620771
2311	0.437298	0.0621167
2312	0.43724	0.0620583
2313	0.437229	0.0620479
2314	0.437235	0.0620542
2315	0.437244	0.0620625
2316	0.437194	0.0620125
2317	0.437192	0.0620104
2318	0.437083	0.0619021
2319	0.437148	0.0619667
2320	0.437104	0.0619229
2321	0.43706	0.0618792
2322	0.437108	0.0619271
2323	0.437033	0.0618521
2324	0.437146	0.0619646
2325	0.437106	0.061925
2326	0.437096	0.0619146
2327	0.436996	0.0618146
2328	0.437029	0.0618479
2329	0.437031	0.06185
2330	0.436927	0.0617458
2331	0.436994	0.0618125
2332	0.436952	0.0617708
2333	0.436902	0.0617208
2334	0.436865	0.0616833
2335	0.436917	0.0617354
2336	0.436844	0.0616625
2337	0.4368	0.0616187
2338	0.436846	0.0616646
2339	0.43686	0.0616792
2340	0.43676	0.0615792
2341	0.43684	0.0616583
2342	0.436777	0.0615958
2343	0.436812	0.0616313
2344	0.436817	0.0616354
2345	0.43676	0.0615792
2346	0.436796	0.0616146
2347	0.436725	0.0615438
2348	0.436725	0.0615438
2349	0.436715	0.0615333
2350	0.436635	0.0614542
2351	0.436598	0.0614167
2352	0.436612	0.0614313
2353	0.436617	0.0614354
2354	0.436619	0.0614375
2355	0.436592	0.0614104
2356	0.436573	0.0613917
2357	0.436598	0.0614167
2358	0.43654	0.0613583
2359	0.436504	0.0613229
2360	0.436577	0.0613958
2361	0.436538	0.0613563
2362	0.436473	0.0612917
2363	0.436481	0.0613
2364	0.436383	0.0612021
2365	0.43639	0.0612083
2366	0.43641	0.0612292
2367	0.436419	0.0612375
2368	0.436392	0.0612104
2369	0.436408	0.0612271
2370	0.436369	0.0611875
2371	0.436335	0.0611542
2372	0.43635	0.0611687
2373	0.436252	0.0610708
2374	0.436327	0.0611458
2375	0.436306	0.061125
2376	0.436273	0.0610917
2377	0.436254	0.0610729
2378	0.436302	0.0611208
2379	0.43624	0.0610583
2380	0.436215	0.0610333
2381	0.436235	0.0610542
2382	0.436265	0.0610833
2383	0.436267	0.0610854
2384	0.436269	0.0610875
2385	0.436265	0.0610833
2386	0.436217	0.0610354
2387	0.436173	0.0609917
2388	0.436202	0.0610208
2389	0.436196	0.0610146
2390	0.436192	0.0610104
2391	0.436158	0.0609771
2392	0.436129	0.0609479
2393	0.436183	0.0610021
2394	0.436085	0.0609042
2395	0.436156	0.060975
2396	0.43616	0.0609792
2397	0.43615	0.0609687
2398	0.43614	0.0609583
2399	0.436125	0.0609437
2400	0.436112	0.0609313
2401	0.436048	0.0608667
2402	0.436006	0.060825
2403	0.436	0.0608188
2404	0.436054	0.0608729
2405	0.436042	0.0608604
2406	0.435929	0.0607479
2407	0.435954	0.0607729
2408	0.435919	0.0607375
2409	0.435883	0.0607021
2410	0.435827	0.0606458
2411	0.435871	0.0606896
2412	0.435819	0.0606375
2413	0.435773	0.0605917
2414	0.435704	0.0605229
2415	0.435719	0.0605375
2416	0.435681	0.0605
2417	0.435654	0.0604729
2418	0.435679	0.0604979
2419	0.435625	0.0604438
2420	0.435671	0.0604896
2421	0.435606	0.060425
2422	0.43566	0.0604792
2423	0.4357	0.0605187
2424	0.43569	0.0605083
2425	0.435669	0.0604875
2426	0.435644	0.0604625
2427	0.43565	0.0604687
2428	0.435619	0.0604375
2429	0.43566	0.0604792
2430	0.435663	0.0604813
2431	0.435652	0.0604708
2432	0.4356	0.0604188
2433	0.43561	0.0604292
2434	0.435663	0.0604813
2435	0.435617	0.0604354
2436	0.435642	0.0604604
2437	0.435615	0.0604333
2438	0.435629	0.0604479
2439	0.435598	0.0604167
2440	0.435625	0.0604438
2441	0.435521	0.0603396
2442	0.43559	0.0604083
2443	0.435573	0.0603917
2444	0.435544	0.0603625
2445	0.435583	0.0604021
2446	0.435569	0.0603875
2447	0.435523	0.0603417
2448	0.435544	0.0603625
2449	0.435488	0.0603063
2450	0.4355	0.0603187
2451	0.435446	0.0602646
2452	0.435406	0.060225
2453	0.435444	0.0602625
2454	0.435404	0.0602229
2455	0.435373	0.0601917
2456	0.435417	0.0602354
2457	0.435358	0.0601771
2458	0.435356	0.060175
2459	0.43535	0.0601688
2460	0.435346	0.0601646
2461	0.435344	0.0601625
2462	0.435404	0.0602229
2463	0.435319	0.0601375
2464	0.4353	0.0601187
2465	0.435325	0.0601438
2466	0.43531	0.0601292
2467	0.435317	0.0601354
2468	0.435325	0.0601438
2469	0.435252	0.0600708
2470	0.435279	0.0600979
2471	0.435165	0.0599833
2472	0.435177	0.0599958
2473	0.435104	0.0599229
2474	0.4351	0.0599188
2475	0.435135	0.0599542
2476	0.43505	0.0598687
2477	0.43504	0.0598583
2478	0.435004	0.0598229
2479	0.435037	0.0598563
2480	0.434944	0.0597625
2481	0.434977	0.0597958
2482	0.435017	0.0598354
2483	0.435012	0.0598313
2484	0.434992	0.0598104
2485	0.434998	0.0598167
2486	0.434992	0.0598104
2487	0.435096	0.0599146
2488	0.435056	0.059875
2489	0.435073	0.0598917
2490	0.435069	0.0598875
2491	0.434977	0.0597958
2492	0.435031	0.05985
2493	0.435002	0.0598208
2494	0.435017	0.0598354
2495	0.434994	0.0598125
2496	0.434996	0.0598146
2497	0.43496	0.0597792
2498	0.43495	0.0597688
2499	0.434954	0.0597729
2500	0.434987	0.0598063
2501	0.434971	0.0597896
2502	0.43495	0.0597688
2503	0.434923	0.0597417
2504	0.435019	0.0598375
2505	0.434925	0.0597438
2506	0.434981	0.0598
2507	0.435025	0.0598437
2508	0.435021	0.0598396
2509	0.435025	0.0598437
2510	0.435023	0.0598417
2511	0.435042	0.0598604
2512	0.435012	0.0598313
2513	0.434956	0.059775
2514	0.435012	0.0598313
2515	0.435	0.0598187
2516	0.434971	0.0597896
2517	0.434963	0.0597812
2518	0.434908	0.0597271
2519	0.434877	0.0596958
2520	0.434917	0.0597354
2521	0.434881	0.0597
2522	0.434944	0.0597625
2523	0.434906	0.059725
2524	0.434875	0.0596937
2525	0.434994	0.0598125
2526	0.434923	0.0597417
2527	0.4349	0.0597188
2528	0.434908	0.0597271
2529	0.4349	0.0597188
2530	0.434906	0.059725
2531	0.434925	0.0597438
2532	0.434881	0.0597
2533	0.434867	0.0596854
2534	0.434852	0.0596708
2535	0.43486	0.0596792
2536	0.434794	0.0596125
2537	0.434767	0.0595854
2538	0.434865	0.0596833
2539	0.434777	0.0595958
2540	0.434829	0.0596479
2541	0.434742	0.0595604
2542	0.434727	0.0595458
2543	0.434827	0.0596458
2544	0.434815	0.0596333
2545	0.434846	0.0596646
2546	0.434775	0.0595937
2547	0.434837	0.0596563
2548	0.434815	0.0596333
2549	0.434827	0.0596458
2550	0.434815	0.0596333
2551	0.434775	0.0595937
2552	0.434842	0.0596604
2553	0.434862	0.0596813
2554	0.43475	0.0595688
2555	0.434738	0.0595562
2556	0.434729	0.0595479
2557	0.434796	0.0596146
2558	0.43475	0.0595688
2559	0.43471	0.0595292
2560	0.434673	0.0594917
2561	0.434658	0.0594771
2562	0.434631	0.05945
2563	0.434608	0.0594271
2564	0.434667	0.0594854
2565	0.434569	0.0593875
2566	0.434525	0.0593438
2567	0.434569	0.0593875
2568	0.434525	0.0593438
2569	0.434496	0.0593146
2570	0.434558	0.0593771
2571	0.434563	0.0593813
2572	0.434475	0.0592938
2573	0.434475	0.0592938
2574	0.43444	0.0592583
2575	0.434371	0.0591896
2576	0.434377	0.0591958
2577	0.434348	0.0591667
2578	0.434356	0.059175
2579	0.43425	0.0590688
2580	0.434235	0.0590542
2581	0.434227	0.0590458
2582	0.434258	0.0590771
2583	0.434158	0.0589771
2584	0.434158	0.0589771
2585	0.434131	0.05895
2586	0.434208	0.0590271
2587	0.434127	0.0589458
2588	0.434156	0.058975
2589	0.43416	0.0589792
2590	0.434179	0.0589979
2591	0.43416	0.0589792
2592	0.434165	0.0589833
2593	0.434158	0.0589771
2594	0.434181	0.059
2595	0.434169	0.0589875
2596	0.434167	0.0589854
2597	0.434125	0.0589437
2598	0.434094	0.0589125
2599	0.434063	0.0588812
2600	0.434098	0.0589167
2601	0.434073	0.0588917
2602	0.434071	0.0588896
2603	0.434058	0.0588771
2604	0.43405	0.0588688
2605	0.434004	0.0588229
2606	0.434044	0.0588625
2607	0.434008	0.0588271
2608	0.434048	0.0588667
2609	0.434067	0.0588854
2610	0.433996	0.0588146
2611	0.434104	0.0589229
2612	0.433979	0.0587979
2613	0.433994	0.0588125
2614	0.433979	0.0587979
2615	0.43389	0.0587083
2616	0.433863	0.0586812
2617	0.43386	0.0586792
2618	0.433854	0.0586729
2619	0.433879	0.0586979
2620	0.433781	0.0586
2621	0.4338	0.0586188
2622	0.433765	0.0585833
2623	0.433719	0.0585375
2624	0.43371	0.0585292
2625	0.433696	0.0585146
2626	0.433713	0.0585313
2627	0.433677	0.0584958
2628	0.4336	0.0584188
2629	0.433546	0.0583646
2630	0.433558	0.0583771
2631	0.433515	0.0583333
2632	0.433517	0.0583354
2633	0.433502	0.0583208
2634	0.4335	0.0583187
2635	0.433523	0.0583417
2636	0.433513	0.0583313
2637	0.43354	0.0583583
2638	0.433519	0.0583375
2639	0.433519	0.0583375
2640	0.433417	0.0582354
2641	0.433454	0.0582729
2642	0.433485	0.0583042
2643	0.433458	0.0582771
2644	0.433448	0.0582667
2645	0.433485	0.0583042
2646	0.433481	0.0583
2647	0.433492	0.0583104
2648	0.433427	0.0582458
2649	0.433412	0.0582312
2650	0.433467	0.0582854
2651	0.433481	0.0583
2652	0.43344	0.0582583
2653	0.433433	0.0582521
2654	0.433444	0.0582625
2655	0.433425	0.0582438
2656	0.433442	0.0582604
2657	0.433498	0.0583167
2658	0.433442	0.0582604
2659	0.433427	0.0582458
2660	0.433433	0.0582521
2661	0.433421	0.0582396
2662	0.433408	0.0582271
2663	0.433431	0.05825
2664	0.433377	0.0581958
2665	0.433356	0.058175
2666	0.433415	0.0582333
2667	0.433317	0.0581354
2668	0.433392	0.0582104
2669	0.433348	0.0581667
2670	0.43341	0.0582292
2671	0.433323	0.0581417
2672	0.433358	0.0581771
2673	0.433346	0.0581646
2674	0.433383	0.0582021
2675	0.433329	0.0581479
2676	0.433348	0.0581667
2677	0.433346	0.0581646
2678	0.433325	0.0581437
2679	0.433369	0.0581875
2680	0.433285	0.0581042
2681	0.433365	0.0581833
2682	0.433317	0.0581354
2683	0.433319	0.0581375
2684	0.433229	0.0580479
2685	0.43324	0.0580583
2686	0.433256	0.058075
2687	0.433294	0.0581125
2688	0.433237	0.0580563
2689	0.433256	0.058075
2690	0.433277	0.0580958
2691	0.433283	0.0581021
2692	0.433296	0.0581146
2693	0.433258	0.0580771
2694	0.433294	0.0581125
2695	0.433252	0.0580708
2696	0.433304	0.0581229
2697	0.433225	0.0580437
2698	0.433235	0.0580542
2699	0.433206	0.058025
2700	0.433248	0.0580667
2701	0.433198	0.0580167
2702	0.433202	0.0580208
2703	0.433144	0.0579625
2704	0.433181	0.058
2705	0.433262	0.0580813
2706	0.433225	0.0580437
2707	0.433183	0.0580021
2708	0.433079	0.0578979
2709	0.4331	0.0579187
2710	0.433104	0.0579229
2711	0.433067	0.0578854
2712	0.433044	0.0578625
2713	0.43306	0.0578792
2714	0.433006	0.057825
2715	0.433087	0.0579063
2716	0.433029	0.0578479
2717	0.432996	0.0578146
2718	0.432988	0.0578062
2719	0.433017	0.0578354
2720	0.433	0.0578188
2721	0.432971	0.0577896
2722	0.433012	0.0578313
2723	0.432902	0.0577208
2724	0.432917	0.0577354
2725	0.432996	0.0578146
2726	0.432898	0.0577167
2727	0.432875	0.0576937
2728	0.432887	0.0577063
2729	0.432835	0.0576542
2730	0.432856	0.057675
2731	0.432752	0.0575708
2732	0.432758	0.0575771
2733	0.432723	0.0575417
2734	0.432837	0.0576563
2735	0.432748	0.0575667
2736	0.432671	0.0574896
2737	0.432673	0.0574917
2738	0.43266	0.0574792
2739	0.432631	0.05745
2740	0.432625	0.0574437
2741	0.432588	0.0574063
2742	0.432579	0.0573979
2743	0.432504	0.0573229
2744	0.43255	0.0573688
2745	0.432533	0.0573521
2746	0.432483	0.0573021
2747	0.432523	0.0573417
2748	0.432535	0.0573542
2749	0.432571	0.0573896
2750	0.432521	0.0573396
2751	0.432521	0.0573396
2752	0.432463	0.0572812
2753	0.432431	0.05725
2754	0.432444	0.0572625
2755	0.432471	0.0572896
2756	0.43246	0.0572792
2757	0.432431	0.05725
2758	0.432419	0.0572375
2759	0.432388	0.0572063
2760	0.432394	0.0572125
2761	0.432358	0.0571771
2762	0.432379	0.0571979
2763	0.432342	0.0571604
2764	0.432419	0.0572375
2765	0.432344	0.0571625
2766	0.432304	0.0571229
2767	0.432317	0.0571354
2768	0.432244	0.0570625
2769	0.432208	0.0570271
2770	0.432238	0.0570562
2771	0.432167	0.0569854
2772	0.432175	0.0569937
2773	0.432098	0.0569167
2774	0.432115	0.0569333
2775	0.432031	0.05685
2776	0.432025	0.0568438
2777	0.431967	0.0567854
2778	0.431994	0.0568125
2779	0.432008	0.0568271
2780	0.432021	0.0568396
2781	0.431973	0.0567917
2782	0.431973	0.0567917
2783	0.431925	0.0567437
2784	0.431944	0.0567625
2785	0.431902	0.0567208
2786	0.431913	0.0567313
2787	0.431881	0.0567
2788	0.431863	0.0566812
2789	0.431856	0.056675
2790	0.431804	0.0566229
2791	0.431798	0.0566167
2792	0.431746	0.0565646
2793	0.431794	0.0566125
2794	0.43176	0.0565792
2795	0.431738	0.0565563
2796	0.431696	0.0565146
2797	0.431704	0.0565229
2798	0.431675	0.0564938
2799	0.431669	0.0564875
2800	0.431681	0.0565
2801	0.431765	0.0565833
2802	0.431721	0.0565396
2803	0.43179	0.0566083
2804	0.431681	0.0565
2805	0.431708	0.0565271
2806	0.431723	0.0565417
2807	0.431717	0.0565354
2808	0.431656	0.056475
2809	0.431735	0.0565542
2810	0.431654	0.0564729
2811	0.431652	0.0564708
2812	0.431656	0.056475
2813	0.431662	0.0564812
2814	0.431637	0.0564562
2815	0.431637	0.0564562
2816	0.431569	0.0563875
2817	0.4316	0.0564188
2818	0.431617	0.0564354
2819	0.431585	0.0564042
2820	0.431535	0.0563542
2821	0.43155	0.0563687
2822	0.431579	0.0563979
2823	0.43155	0.0563687
2824	0.43151	0.0563292
2825	0.431548	0.0563667
2826	0.431508	0.0563271
2827	0.431492	0.0563104
2828	0.431475	0.0562937
2829	0.431471	0.0562896
2830	0.431467	0.0562854
2831	0.431492	0.0563104
2832	0.431513	0.0563313
2833	0.431444	0.0562625
2834	0.431462	0.0562812
2835	0.431367	0.0561854
2836	0.431419	0.0562375
2837	0.431379	0.0561979
2838	0.431469	0.0562875
2839	0.431442	0.0562604
2840	0.431352	0.0561708
2841	0.431431	0.05625
2842	0.431385	0.0562042
2843	0.431308	0.0561271
2844	0.431325	0.0561437
2845	0.431352	0.0561708
2846	0.431319	0.0561375
2847	0.431338	0.0561563
2848	0.431256	0.056075
2849	0.431267	0.0560854
2850	0.431317	0.0561354
2851	0.43129	0.0561083
2852	0.431294	0.0561125
2853	0.431338	0.0561563
2854	0.431262	0.0560813
2855	0.431248	0.0560667
2856	0.431281	0.0561
2857	0.431275	0.0560937
2858	0.431154	0.0559729
2859	0.43116	0.0559792
2860	0.43109	0.0559083
2861	0.431173	0.0559917
2862	0.431158	0.0559771
2863	0.431202	0.0560208
2864	0.431146	0.0559646
2865	0.431115	0.0559333
2866	0.431115	0.0559333
2867	0.431106	0.055925
2868	0.431085	0.0559042
2869	0.431044	0.0558625
2870	0.431069	0.0558875
2871	0.431013	0.0558312
2872	0.43104	0.0558583
2873	0.431025	0.0558437
2874	0.431079	0.0558979
2875	0.431098	0.0559167
2876	0.431062	0.0558813
2877	0.431048	0.0558667
2878	0.431021	0.0558396
2879	0.430935	0.0557542
2880	0.431013	0.0558312
2881	0.430921	0.0557396
2882	0.430921	0.0557396
2883	0.430983	0.0558021
2884	0.431	0.0558188
2885	0.43096	0.0557792
2886	0.430921	0.0557396
2887	0.430904	0.0557229
2888	0.43089	0.0557083
2889	0.430942	0.0557604
2890	0.430819	0.0556375
2891	0.430898	0.0557167
2892	0.430917	0.0557354
2893	0.43086	0.0556792
2894	0.430827	0.0556458
2895	0.430915	0.0557333
2896	0.430883	0.0557021
2897	0.43091	0.0557292
2898	0.430908	0.0557271
2899	0.430948	0.0557667
2900	0.430906	0.055725
2901	0.430975	0.0557938
2902	0.430925	0.0557438
2903	0.430965	0.0557833
2904	0.430921	0.0557396
2905	0.43095	0.0557688
2906	0.430971	0.0557896
2907	0.430844	0.0556625
2908	0.43086	0.0556792
2909	0.430781	0.0556
2910	0.430746	0.0555646
2911	0.430721	0.0555396
2912	0.430687	0.0555063
2913	0.430675	0.0554937
2914	0.430681	0.0555
2915	0.430663	0.0554813
2916	0.430704	0.0555229
2917	0.430746	0.0555646
2918	0.430694	0.0555125
2919	0.430679	0.0554979
2920	0.430794	0.0556125
2921	0.430721	0.0555396
2922	0.430765	0.0555833
2923	0.430806	0.055625
2924	0.430785	0.0556042
2925	0.430827	0.0556458
2926	0.430737	0.0555562
2927	0.430777	0.0555958
2928	0.430815	0.0556333
2929	0.430817	0.0556354
2930	0.430819	0.0556375
2931	0.43079	0.0556083
2932	0.430777	0.0555958
2933	0.430737	0.0555562
2934	0.430733	0.0555521
2935	0.43075	0.0555688
2936	0.430715	0.0555333
2937	0.430737	0.0555562
2938	0.430777	0.0555958
2939	0.430762	0.0555812
2940	0.430783	0.0556021
2941	0.430746	0.0555646
2942	0.430775	0.0555938
2943	0.430767	0.0555854
2944	0.43076	0.0555792
2945	0.430708	0.0555271
2946	0.43079	0.0556083
2947	0.430733	0.0555521
2948	0.43064	0.0554583
2949	0.430721	0.0555396
2950	0.43071	0.0555292
2951	0.430723	0.0555417
2952	0.430719	0.0555375
2953	0.430663	0.0554813
2954	0.43071	0.0555292
2955	0.43075	0.0555688
2956	0.430708	0.0555271
2957	0.430731	0.05555
2958	0.430673	0.0554917
2959	0.430669	0.0554875
2960	0.430625	0.0554437
2961	0.430652	0.0554708
2962	0.430585	0.0554042
2963	0.43064	0.0554583
2964	0.430573	0.0553917
2965	0.430529	0.0553479
2966	0.430562	0.0553812
2967	0.43055	0.0553688
2968	0.430515	0.0553333
2969	0.430546	0.0553646
2970	0.430515	0.0553333
2971	0.430573	0.0553917
2972	0.430517	0.0553354
2973	0.430533	0.0553521
2974	0.430525	0.0553438
2975	0.430446	0.0552646
2976	0.430523	0.0553417
2977	0.430506	0.055325
2978	0.430504	0.0553229
2979	0.430512	0.0553312
2980	0.430473	0.0552917
2981	0.430496	0.0553146
2982	0.430496	0.0553146
2983	0.430452	0.0552708
2984	0.43046	0.0552792
2985	0.430446	0.0552646
2986	0.430417	0.0552354
2987	0.430442	0.0552604
2988	0.430442	0.0552604
2989	0.430385	0.0552042
2990	0.430435	0.0552542
2991	0.430346	0.0551646
2992	0.430337	0.0551562
2993	0.430383	0.0552021
2994	0.430327	0.0551458
2995	0.430429	0.0552479
2996	0.430448	0.0552667
2997	0.430358	0.0551771
2998	0.430381	0.0552
2999	0.43039	0.0552083
3000	0.430385	0.0552042
3001	0.430429	0.0552479
3002	0.430435	0.0552542
3003	0.430429	0.0552479
3004	0.430429	0.0552479
3005	0.430408	0.0552271
3006	0.430408	0.0552271
3007	0.430429	0.0552479
3008	0.430427	0.0552458
3009	0.430475	0.0552938
3010	0.43045	0.0552687
3011	0.430435	0.0552542
3012	0.430494	0.0553125
3013	0.430433	0.0552521
3014	0.430452	0.0552708
3015	0.430433	0.0552521
3016	0.430417	0.0552354
3017	0.430392	0.0552104
3018	0.430281	0.0551
3019	0.430329	0.0551479
3020	0.430296	0.0551146
3021	0.430235	0.0550542
3022	0.430317	0.0551354
3023	0.430323	0.0551417
3024	0.430271	0.0550896
3025	0.430296	0.0551146
3026	0.430246	0.0550646
3027	0.430288	0.0551062
3028	0.430279	0.0550979
3029	0.430265	0.0550833
3030	0.430248	0.0550667
3031	0.430254	0.0550729
3032	0.430185	0.0550042
3033	0.430156	0.054975
3034	0.430196	0.0550146
3035	0.430175	0.0549937
3036	0.430171	0.0549896
3037	0.430223	0.0550417
3038	0.430225	0.0550437
3039	0.430169	0.0549875
3040	0.43016	0.0549792
3041	0.430167	0.0549854
3042	0.43016	0.0549792
3043	0.430165	0.0549833
3044	0.430121	0.0549396
3045	0.430187	0.0550063
3046	0.430135	0.0549542
3047	0.430085	0.0549042
3048	0.430119	0.0549375
3049	0.43004	0.0548583
3050	0.430096	0.0549146
3051	0.42999	0.0548083
3052	0.430054	0.0548729
3053	0.43001	0.0548292
3054	0.430002	0.0548208
3055	0.430021	0.0548396
3056	0.429881	0.0547
3057	0.429885	0.0547042
3058	0.429892	0.0547104
3059	0.429944	0.0547625
3060	0.429848	0.0546667
3061	0.429956	0.054775
3062	0.429865	0.0546833
3063	0.42989	0.0547083
3064	0.42994	0.0547583
3065	0.429825	0.0546438
3066	0.429927	0.0547458
3067	0.42996	0.0547792
3068	0.429885	0.0547042
3069	0.4299	0.0547188
3070	0.429852	0.0546708
3071	0.42986	0.0546792
3072	0.429833	0.0546521
3073	0.429825	0.0546438
3074	0.429785	0.0546042
3075	0.42986	0.0546792
3076	0.429892	0.0547104
3077	0.429858	0.0546771
3078	0.429865	0.0546833
3079	0.429825	0.0546438
3080	0.429858	0.0546771
3081	0.429888	0.0547062
3082	0.429879	0.0546979
3083	0.42989	0.0547083
3084	0.42985	0.0546688
3085	0.429815	0.0546333
3086	0.429871	0.0546896
3087	0.42985	0.0546688
3088	0.429917	0.0547354
3089	0.429862	0.0546812
3090	0.429862	0.0546812
3091	0.429837	0.0546562
3092	0.429829	0.0546479
3093	0.429781	0.0546
3094	0.429831	0.05465
3095	0.429842	0.0546604
3096	0.4298	0.0546187
3097	0.429783	0.0546021
3098	0.429827	0.0546458
3099	0.429802	0.0546208
3100	0.429858	0.0546771
3101	0.42979	0.0546083
3102	0.429806	0.054625
3103	0.429773	0.0545917
3104	0.4298	0.0546187
3105	0.429835	0.0546542
3106	0.42976	0.0545792
3107	0.429827	0.0546458
3108	0.429796	0.0546146
3109	0.429765	0.0545833
3110	0.429798	0.0546167
3111	0.429798	0.0546167
3112	0.429738	0.0545563
3113	0.429775	0.0545937
3114	0.429812	0.0546313
3115	0.429765	0.0545833
3116	0.429771	0.0545896
3117	0.429769	0.0545875
3118	0.429696	0.0545146
3119	0.429765	0.0545833
3120	0.429665	0.0544833
3121	0.429652	0.0544708
3122	0.429662	0.0544812
3123	0.429623	0.0544417
3124	0.429612	0.0544312
3125	0.429617	0.0544354
3126	0.429575	0.0543937
3127	0.429592	0.0544104
3128	0.429606	0.054425
3129	0.429567	0.0543854
3130	0.429606	0.054425
3131	0.429573	0.0543917
3132	0.429563	0.0543813
3133	0.429571	0.0543896
3134	0.429567	0.0543854
3135	0.429571	0.0543896
3136	0.429552	0.0543708
3137	0.429517	0.0543354
3138	0.429519	0.0543375
3139	0.429448	0.0542667
3140	0.42946	0.0542792
3141	0.429554	0.0543729
3142	0.42945	0.0542688
3143	0.429435	0.0542542
3144	0.429492	0.0543104
3145	0.429492	0.0543104
3146	0.429527	0.0543458
3147	0.42954	0.0543583
3148	0.429571	0.0543896
3149	0.429523	0.0543417
3150	0.429477	0.0542958
3151	0.42949	0.0543083
3152	0.429458	0.0542771
3153	0.429437	0.0542562
3154	0.429481	0.0543
3155	0.429471	0.0542896
3156	0.429444	0.0542625
3157	0.42945	0.0542688
3158	0.429415	0.0542333
3159	0.429433	0.0542521
3160	0.429475	0.0542938
3161	0.429448	0.0542667
3162	0.429435	0.0542542
3163	0.429452	0.0542708
3164	0.42939	0.0542083
3165	0.42941	0.0542292
3166	0.429379	0.0541979
3167	0.429413	0.0542312
3168	0.42941	0.0542292
3169	0.42946	0.0542792
3170	0.429408	0.0542271
3171	0.429427	0.0542458
3172	0.429417	0.0542354
3173	0.42944	0.0542583
3174	0.429408	0.0542271
3175	0.429371	0.0541896
3176	0.429323	0.0541417
3177	0.429338	0.0541563
3178	0.429396	0.0542146
3179	0.429327	0.0541458
3180	0.429329	0.0541479
3181	0.429377	0.0541958
3182	0.42934	0.0541583
3183	0.429327	0.0541458
3184	0.42935	0.0541687
3185	0.429308	0.0541271
3186	0.429354	0.0541729
3187	0.429312	0.0541313
3188	0.429302	0.0541208
3189	0.429333	0.0541521
3190	0.429294	0.0541125
3191	0.429308	0.0541271
3192	0.42924	0.0540583
3193	0.429246	0.0540646
3194	0.429273	0.0540917
3195	0.429254	0.0540729
3196	0.42924	0.0540583
3197	0.429221	0.0540396
3198	0.429196	0.0540146
3199	0.429233	0.0540521
3200	0.42916	0.0539792
3201	0.429198	0.0540167
3202	0.429163	0.0539812
3203	0.429146	0.0539646
3204	0.42911	0.0539292
3205	0.429142	0.0539604
3206	0.429121	0.0539396
3207	0.4291	0.0539187
3208	0.429067	0.0538854
3209	0.429046	0.0538646
3210	0.429046	0.0538646
3211	0.429121	0.0539396
3212	0.429123	0.0539417
3213	0.4291	0.0539187
3214	0.429167	0.0539854
3215	0.429146	0.0539646
3216	0.429133	0.0539521
3217	0.429065	0.0538833
3218	0.429154	0.0539729
3219	0.429096	0.0539146
3220	0.429119	0.0539375
3221	0.42911	0.0539292
3222	0.429144	0.0539625
3223	0.429044	0.0538625
3224	0.429077	0.0538958
3225	0.429087	0.0539063
3226	0.429025	0.0538438
3227	0.429038	0.0538562
3228	0.429	0.0538188
3229	0.429048	0.0538667
3230	0.429015	0.0538333
3231	0.42904	0.0538583
3232	0.429031	0.05385
3233	0.428983	0.0538021
3234	0.429023	0.0538417
3235	0.429048	0.0538667
3236	0.428983	0.0538021
3237	0.428973	0.0537917
3238	0.428965	0.0537833
3239	0.429008	0.0538271
3240	0.428979	0.0537979
3241	0.428971	0.0537896
3242	0.428983	0.0538021
3243	0.428988	0.0538062
3244	0.42895	0.0537688
3245	0.428975	0.0537938
3246	0.429017	0.0538354
3247	0.428992	0.0538104
3248	0.428948	0.0537667
3249	0.429017	0.0538354
3250	0.42895	0.0537688
3251	0.428952	0.0537708
3252	0.428921	0.0537396
3253	0.428883	0.0537021
3254	0.428965	0.0537833
3255	0.428969	0.0537875
3256	0.428925	0.0537437
3257	0.428958	0.0537771
3258	0.428983	0.0538021
3259	0.429021	0.0538396
3260	0.428925	0.0537437
3261	0.42895	0.0537688
3262	0.428927	0.0537458
3263	0.42891	0.0537292
3264	0.428969	0.0537875
3265	0.428933	0.0537521
3266	0.428906	0.053725
3267	0.428869	0.0536875
3268	0.428931	0.05375
3269	0.428908	0.0537271
3270	0.428848	0.0536667
3271	0.42884	0.0536583
3272	0.428817	0.0536354
3273	0.42884	0.0536583
3274	0.428858	0.0536771
3275	0.428815	0.0536333
3276	0.4288	0.0536188
3277	0.428858	0.0536771
3278	0.428783	0.0536021
3279	0.428767	0.0535854
3280	0.428796	0.0536146
3281	0.42875	0.0535688
3282	0.428742	0.0535604
3283	0.428727	0.0535458
3284	0.428727	0.0535458
3285	0.428725	0.0535438
3286	0.428694	0.0535125
3287	0.428679	0.0534979
3288	0.428665	0.0534833
3289	0.428727	0.0535458
3290	0.428725	0.0535438
3291	0.428706	0.053525
3292	0.428727	0.0535458
3293	0.428712	0.0535313
3294	0.428685	0.0535042
3295	0.428685	0.0535042
3296	0.428679	0.0534979
3297	0.428708	0.0535271
3298	0.428671	0.0534896
3299	0.428706	0.053525
3300	0.428665	0.0534833
3301	0.428635	0.0534542
3302	0.428744	0.0535625
3303	0.428727	0.0535458
3304	0.428737	0.0535562
3305	0.428802	0.0536208
3306	0.428746	0.0535646
3307	0.428754	0.0535729
3308	0.428625	0.0534437
3309	0.428671	0.0534896
3310	0.428583	0.0534021
3311	0.428638	0.0534563
3312	0.428625	0.0534437
3313	0.42866	0.0534792
3314	0.428615	0.0534333
3315	0.428581	0.0534
3316	0.428596	0.0534146
3317	0.42856	0.0533792
3318	0.428565	0.0533833
3319	0.42849	0.0533083
3320	0.42851	0.0533292
3321	0.428463	0.0532813
3322	0.428483	0.0533021
3323	0.428506	0.053325
3324	0.428506	0.053325
3325	0.428552	0.0533708
3326	0.4285	0.0533188
3327	0.42845	0.0532687
3328	0.42855	0.0533688
3329	0.42855	0.0533688
3330	0.428483	0.0533021
3331	0.428527	0.0533458
3332	0.428523	0.0533417
3333	0.428533	0.0533521
3334	0.428517	0.0533354
3335	0.428523	0.0533417
3336	0.428502	0.0533208
3337	0.428429	0.0532479
3338	0.428473	0.0532917
3339	0.428444	0.0532625
3340	0.428398	0.0532167
3341	0.428402	0.0532208
3342	0.428385	0.0532042
3343	0.428387	0.0532063
3344	0.428362	0.0531812
3345	0.428387	0.0532063
3346	0.428358	0.0531771
3347	0.428356	0.053175
3348	0.428346	0.0531646
3349	0.428358	0.0531771
3350	0.428354	0.0531729
3351	0.428306	0.053125
3352	0.428223	0.0530417
3353	0.428269	0.0530875
3354	0.428235	0.0530542
3355	0.428217	0.0530354
3356	0.428142	0.0529604
3357	0.428077	0.0528958
3358	0.428165	0.0529833
3359	0.428125	0.0529438
3360	0.428133	0.0529521
3361	0.428169	0.0529875
3362	0.428187	0.0530063
3363	0.428215	0.0530333
3364	0.428162	0.0529812
3365	0.428179	0.0529979
3366	0.428117	0.0529354
3367	0.428152	0.0529708
3368	0.428102	0.0529208
3369	0.428019	0.0528375
3370	0.428033	0.0528521
3371	0.428046	0.0528646
3372	0.427983	0.0528021
3373	0.428021	0.0528396
3374	0.427977	0.0527958
3375	0.427992	0.0528104
3376	0.428025	0.0528437
3377	0.427923	0.0527417
3378	0.427923	0.0527417
3379	0.427925	0.0527438
3380	0.427925	0.0527438
3381	0.427979	0.0527979
3382	0.427927	0.0527458
3383	0.427925	0.0527438
3384	0.427975	0.0527937
3385	0.427929	0.0527479
3386	0.427896	0.0527146
3387	0.427862	0.0526812
3388	0.427919	0.0527375
3389	0.427829	0.0526479
3390	0.427848	0.0526667
3391	0.427835	0.0526542
3392	0.427862	0.0526812
3393	0.427869	0.0526875
3394	0.4279	0.0527188
3395	0.427821	0.0526396
3396	0.427775	0.0525937
3397	0.427815	0.0526333
3398	0.427767	0.0525854
3399	0.427771	0.0525896
3400	0.427771	0.0525896
3401	0.427735	0.0525542
3402	0.42774	0.0525583
3403	0.427706	0.052525
3404	0.427731	0.05255
3405	0.427662	0.0524812
3406	0.427744	0.0525625
3407	0.427738	0.0525563
3408	0.427775	0.0525937
3409	0.427779	0.0525979
3410	0.427729	0.0525479
3411	0.42775	0.0525687
3412	0.4277	0.0525188
3413	0.427715	0.0525333
3414	0.427708	0.0525271
3415	0.4277	0.0525188
3416	0.427758	0.0525771
3417	0.427704	0.0525229
3418	0.427723	0.0525417
3419	0.427658	0.0524771
3420	0.427679	0.0524979
3421	0.427592	0.0524104
3422	0.427637	0.0524562
3423	0.427673	0.0524917
3424	0.427602	0.0524208
3425	0.427671	0.0524896
3426	0.42751	0.0523292
3427	0.427556	0.052375
3428	0.42755	0.0523687
3429	0.427554	0.0523729
3430	0.427571	0.0523896
3431	0.427533	0.0523521
3432	0.427525	0.0523437
3433	0.427479	0.0522979
3434	0.42751	0.0523292
3435	0.42754	0.0523583
3436	0.427471	0.0522896
3437	0.427444	0.0522625
3438	0.427465	0.0522833
3439	0.427419	0.0522375
3440	0.42736	0.0521792
3441	0.427335	0.0521542
3442	0.42736	0.0521792
3443	0.427375	0.0521937
3444	0.427329	0.0521479
3445	0.427377	0.0521958
3446	0.42735	0.0521687
3447	0.427331	0.05215
3448	0.427315	0.0521333
3449	0.427275	0.0520938
3450	0.427252	0.0520708
3451	0.42726	0.0520792
3452	0.427285	0.0521042
3453	0.427263	0.0520812
3454	0.427235	0.0520542
3455	0.427242	0.0520604
3456	0.427238	0.0520562
3457	0.427194	0.0520125
3458	0.427175	0.0519938
3459	0.427179	0.0519979
3460	0.427087	0.0519063
3461	0.42711	0.0519292
3462	0.427077	0.0518958
3463	0.427075	0.0518937
3464	0.427096	0.0519146
3465	0.427108	0.0519271
3466	0.42709	0.0519083
3467	0.427102	0.0519208
3468	0.427133	0.0519521
3469	0.427121	0.0519396
3470	0.427085	0.0519042
3471	0.427119	0.0519375
3472	0.427083	0.0519021
3473	0.427098	0.0519167
3474	0.427079	0.0518979
3475	0.42696	0.0517792
3476	0.427071	0.0518896
3477	0.427023	0.0518417
3478	0.427006	0.051825
3479	0.426983	0.0518021
3480	0.426969	0.0517875
3481	0.427029	0.0518479
3482	0.427035	0.0518542
3483	0.426998	0.0518167
3484	0.427025	0.0518438
3485	0.42695	0.0517687
3486	0.426983	0.0518021
3487	0.427006	0.051825
3488	0.426973	0.0517917
3489	0.427017	0.0518354
3490	0.427013	0.0518312
3491	0.427023	0.0518417
3492	0.427019	0.0518375
3493	0.426958	0.0517771
3494	0.427021	0.0518396
3495	0.427006	0.051825
3496	0.42694	0.0517583
3497	0.426998	0.0518167
3498	0.426958	0.0517771
3499	0.426992	0.0518104
3500	0.427004	0.0518229
3501	0.427027	0.0518458
3502	0.427004	0.0518229
3503	0.426973	0.0517917
3504	0.427054	0.0518729
3505	0.427002	0.0518208
3506	0.426996	0.0518146
3507	0.427	0.0518188
3508	0.426948	0.0517667
3509	0.426885	0.0517042
3510	0.426985	0.0518042
3511	0.426969	0.0517875
3512	0.42691	0.0517292
3513	0.426948	0.0517667
3514	0.426931	0.05175
3515	0.426973	0.0517917
3516	0.426898	0.0517167
3517	0.426935	0.0517542
3518	0.426856	0.051675
3519	0.426881	0.0517
3520	0.426902	0.0517208
3521	0.426877	0.0516958
3522	0.426892	0.0517104
3523	0.426873	0.0516917
3524	0.426888	0.0517063
3525	0.426846	0.0516646
3526	0.426804	0.0516229
3527	0.426854	0.0516729
3528	0.42681	0.0516292
3529	0.426829	0.0516479
3530	0.426785	0.0516042
3531	0.426758	0.0515771
3532	0.426748	0.0515667
3533	0.426783	0.0516021
3534	0.426792	0.0516104
3535	0.426698	0.0515167
3536	0.4267	0.0515187
3537	0.426681	0.0515
3538	0.426748	0.0515667
3539	0.426663	0.0514813
3540	0.426617	0.0514354
3541	0.42664	0.0514583
3542	0.426646	0.0514646
3543	0.426644	0.0514625
3544	0.426604	0.0514229
3545	0.426596	0.0514146
3546	0.426592	0.0514104
3547	0.426623	0.0514417
3548	0.426548	0.0513667
3549	0.426583	0.0514021
3550	0.426519	0.0513375
3551	0.426517	0.0513354
3552	0.426506	0.051325
3553	0.426513	0.0513313
3554	0.42654	0.0513583
3555	0.426554	0.0513729
3556	0.426552	0.0513708
3557	0.426475	0.0512937
3558	0.426427	0.0512458
3559	0.426429	0.0512479
3560	0.426448	0.0512667
3561	0.42649	0.0513083
3562	0.426463	0.0512813
3563	0.426502	0.0513208
3564	0.426392	0.0512104
3565	0.426444	0.0512625
3566	0.426396	0.0512146
3567	0.42644	0.0512583
3568	0.426463	0.0512813
3569	0.426406	0.051225
3570	0.426421	0.0512396
3571	0.426344	0.0511625
3572	0.426302	0.0511208
3573	0.426346	0.0511646
3574	0.426285	0.0511042
3575	0.42629	0.0511083
3576	0.426302	0.0511208
3577	0.426246	0.0510646
3578	0.426212	0.0510313
3579	0.426221	0.0510396
3580	0.426208	0.0510271
3581	0.426196	0.0510146
3582	0.42616	0.0509792
3583	0.426185	0.0510042
3584	0.426127	0.0509458
3585	0.42615	0.0509688
3586	0.426146	0.0509646
3587	0.426077	0.0508958
3588	0.426085	0.0509042
3589	0.426096	0.0509146
3590	0.42604	0.0508583
3591	0.426077	0.0508958
3592	0.426117	0.0509354
3593	0.426138	0.0509562
3594	0.426085	0.0509042
3595	0.426148	0.0509667
3596	0.426144	0.0509625
3597	0.426125	0.0509438
3598	0.426144	0.0509625
3599	0.42619	0.0510083
3600	0.42611	0.0509292
3601	0.42611	0.0509292
3602	0.42605	0.0508687
3603	0.42604	0.0508583
3604	0.426033	0.0508521
3605	0.426023	0.0508417
3606	0.42609	0.0509083
3607	0.426002	0.0508208
3608	0.426017	0.0508354
3609	0.426015	0.0508333
3610	0.426023	0.0508417
3611	0.426017	0.0508354
3612	0.425969	0.0507875
3613	0.42596	0.0507792
3614	0.425971	0.0507896
3615	0.425917	0.0507354
3616	0.42591	0.0507292
3617	0.425923	0.0507417
3618	0.425835	0.0506542
3619	0.425881	0.0507
3620	0.4259	0.0507188
3621	0.42591	0.0507292
3622	0.425858	0.0506771
3623	0.425846	0.0506646
3624	0.425788	0.0506063
3625	0.425833	0.0506521
3626	0.425738	0.0505562
3627	0.425715	0.0505333
3628	0.425665	0.0504833
3629	0.425662	0.0504812
3630	0.425642	0.0504604
3631	0.425588	0.0504063
3632	0.42566	0.0504792
3633	0.425677	0.0504958
3634	0.425685	0.0505042
3635	0.425673	0.0504917
3636	0.425708	0.0505271
3637	0.425687	0.0505062
3638	0.425665	0.0504833
3639	0.425679	0.0504979
3640	0.425633	0.0504521
3641	0.425629	0.0504479
3642	0.425596	0.0504146
3643	0.425617	0.0504354
3644	0.425594	0.0504125
3645	0.425592	0.0504104
3646	0.425608	0.0504271
3647	0.425585	0.0504042
3648	0.425579	0.0503979
3649	0.42554	0.0503583
3650	0.425479	0.0502979
3651	0.425429	0.0502479
3652	0.425427	0.0502458
3653	0.425494	0.0503125
3654	0.425515	0.0503333
3655	0.425425	0.0502438
3656	0.425467	0.0502854
3657	0.425438	0.0502562
3658	0.425408	0.0502271
3659	0.425362	0.0501813
3660	0.42541	0.0502292
3661	0.425431	0.05025
3662	0.425396	0.0502146
3663	0.4254	0.0502187
3664	0.425358	0.0501771
3665	0.425379	0.0501979
3666	0.425375	0.0501937
3667	0.425381	0.0502
3668	0.425333	0.0501521
3669	0.425325	0.0501437
3670	0.425327	0.0501458
3671	0.425285	0.0501042
3672	0.42529	0.0501083
3673	0.425279	0.0500979
3674	0.425279	0.0500979
3675	0.425256	0.050075
3676	0.425244	0.0500625
3677	0.425294	0.0501125
3678	0.425327	0.0501458
3679	0.425333	0.0501521
3680	0.425312	0.0501313
3681	0.425296	0.0501146
3682	0.425256	0.050075
3683	0.425265	0.0500833
3684	0.425242	0.0500604
3685	0.425194	0.0500125
3686	0.425215	0.0500333
3687	0.425185	0.0500042
3688	0.425208	0.0500271
3689	0.42514	0.0499583
3690	0.425198	0.0500167
3691	0.42514	0.0499583
3692	0.425154	0.0499729
3693	0.425229	0.0500479
3694	0.42514	0.0499583
3695	0.42515	0.0499687
3696	0.42509	0.0499083
3697	0.425115	0.0499333
3698	0.42511	0.0499292
3699	0.42506	0.0498792
3700	0.425058	0.0498771
3701	0.425054	0.0498729
3702	0.425046	0.0498646
3703	0.42501	0.0498292
3704	0.424937	0.0497563
3705	0.42499	0.0498083
3706	0.424942	0.0497604
3707	0.425015	0.0498333
3708	0.424954	0.0497729
3709	0.424921	0.0497396
3710	0.424908	0.0497271
3711	0.424929	0.0497479
3712	0.424969	0.0497875
3713	0.424923	0.0497417
3714	0.42495	0.0497687
3715	0.424921	0.0497396
3716	0.424927	0.0497458
3717	0.424929	0.0497479
3718	0.424877	0.0496958
3719	0.424856	0.049675
3720	0.424831	0.04965
3721	0.424892	0.0497104
3722	0.424877	0.0496958
3723	0.42485	0.0496688
3724	0.424865	0.0496833
3725	0.424848	0.0496667
3726	0.424806	0.049625
3727	0.424787	0.0496062
3728	0.424808	0.0496271
3729	0.424804	0.0496229
3730	0.424781	0.0496
3731	0.424773	0.0495917
3732	0.424742	0.0495604
3733	0.424771	0.0495896
3734	0.424827	0.0496458
3735	0.424846	0.0496646
3736	0.424802	0.0496208
3737	0.424837	0.0496562
3738	0.424808	0.0496271
3739	0.424773	0.0495917
3740	0.424823	0.0496417
3741	0.424856	0.049675
3742	0.424821	0.0496396
3743	0.424842	0.0496604
3744	0.424792	0.0496104
3745	0.424729	0.0495479
3746	0.424765	0.0495833
3747	0.424733	0.0495521
3748	0.424696	0.0495146
3749	0.424717	0.0495354
3750	0.4247	0.0495187
3751	0.424673	0.0494917
3752	0.424627	0.0494458
3753	0.424717	0.0495354
3754	0.4247	0.0495187
3755	0.424679	0.0494979
3756	0.424683	0.0495021
3757	0.4247	0.0495187
3758	0.424688	0.0495063
3759	0.424683	0.0495021
3760	0.424654	0.0494729
3761	0.424646	0.0494646
3762	0.424654	0.0494729
3763	0.424696	0.0495146
3764	0.424735	0.0495542
3765	0.424644	0.0494625
3766	0.424681	0.0495
3767	0.424654	0.0494729
3768	0.424654	0.0494729
3769	0.424592	0.0494104
3770	0.424604	0.0494229
3771	0.424658	0.0494771
3772	0.424646	0.0494646
3773	0.424658	0.0494771
3774	0.424631	0.04945
3775	0.42464	0.0494583
3776	0.424612	0.0494312
3777	0.424594	0.0494125
3778	0.424585	0.0494042
3779	0.424598	0.0494167
3780	0.424573	0.0493917
3781	0.424612	0.0494312
3782	0.424583	0.0494021
3783	0.424617	0.0494354
3784	0.424637	0.0494562
3785	0.424594	0.0494125
3786	0.424619	0.0494375
3787	0.424633	0.0494521
3788	0.424665	0.0494833
3789	0.424677	0.0494958
3790	0.424548	0.0493667
3791	0.424583	0.0494021
3792	0.424642	0.0494604
3793	0.4246	0.0494188
3794	0.424646	0.0494646
3795	0.424606	0.049425
3796	0.424608	0.0494271
3797	0.4246	0.0494188
3798	0.424496	0.0493146
3799	0.424492	0.0493104
3800	0.424508	0.0493271
3801	0.424529	0.0493479
3802	0.424473	0.0492917
3803	0.424508	0.0493271
3804	0.424546	0.0493646
3805	0.424563	0.0493812
3806	0.424581	0.0494
3807	0.424569	0.0493875
3808	0.424556	0.049375
3809	0.42459	0.0494083
3810	0.424565	0.0493833
3811	0.424608	0.0494271
3812	0.424594	0.0494125
3813	0.424679	0.0494979
3814	0.424577	0.0493958
3815	0.42464	0.0494583
3816	0.424587	0.0494062
3817	0.424621	0.0494396
3818	0.424556	0.049375
3819	0.424573	0.0493917
3820	0.424515	0.0493333
3821	0.424523	0.0493417
3822	0.424544	0.0493625
3823	0.424494	0.0493125
3824	0.424435	0.0492542
3825	0.424554	0.0493729
3826	0.424502	0.0493208
3827	0.42454	0.0493583
3828	0.424479	0.0492979
3829	0.424523	0.0493417
3830	0.424465	0.0492833
3831	0.424454	0.0492729
3832	0.424504	0.0493229
3833	0.424485	0.0493042
3834	0.424442	0.0492604
3835	0.424483	0.0493021
3836	0.424431	0.04925
3837	0.424448	0.0492667
3838	0.424412	0.0492312
3839	0.424446	0.0492646
3840	0.424417	0.0492354
3841	0.424394	0.0492125
3842	0.424423	0.0492417
3843	0.4244	0.0492188
3844	0.424456	0.049275
3845	0.424421	0.0492396
3846	0.424494	0.0493125
3847	0.424469	0.0492875
3848	0.424458	0.0492771
3849	0.424448	0.0492667
3850	0.42445	0.0492687
3851	0.424494	0.0493125
3852	0.42446	0.0492792
3853	0.424481	0.0493
3854	0.424429	0.0492479
3855	0.424437	0.0492563
3856	0.424462	0.0492813
3857	0.424429	0.0492479
3858	0.424396	0.0492146
3859	0.424338	0.0491562
3860	0.424321	0.0491396
3861	0.424325	0.0491438
3862	0.424267	0.0490854
3863	0.424292	0.0491104
3864	0.424327	0.0491458
3865	0.424258	0.0490771
3866	0.42431	0.0491292
3867	0.424281	0.0491
3868	0.424252	0.0490708
3869	0.424273	0.0490917
3870	0.424244	0.0490625
3871	0.424202	0.0490208
3872	0.424208	0.0490271
3873	0.424229	0.0490479
3874	0.424233	0.0490521
3875	0.424229	0.0490479
3876	0.424221	0.0490396
3877	0.42419	0.0490083
3878	0.424221	0.0490396
3879	0.424265	0.0490833
3880	0.42419	0.0490083
3881	0.424192	0.0490104
3882	0.4242	0.0490188
3883	0.42414	0.0489583
3884	0.424158	0.0489771
3885	0.424144	0.0489625
3886	0.424129	0.0489479
3887	0.424127	0.0489458
3888	0.424094	0.0489125
3889	0.424108	0.0489271
3890	0.424123	0.0489417
3891	0.424069	0.0488875
3892	0.423998	0.0488167
3893	0.424052	0.0488708
3894	0.424002	0.0488208
3895	0.42396	0.0487792
3896	0.423937	0.0487562
3897	0.423965	0.0487833
3898	0.423942	0.0487604
3899	0.423985	0.0488042
3900	0.423971	0.0487896
3901	0.423958	0.0487771
3902	0.423965	0.0487833
3903	0.423908	0.0487271
3904	0.423904	0.0487229
3905	0.423829	0.0486479
3906	0.423858	0.0486771
3907	0.423833	0.0486521
3908	0.42384	0.0486583
3909	0.423804	0.0486229
3910	0.42379	0.0486083
3911	0.423765	0.0485833
3912	0.423725	0.0485438
3913	0.423733	0.0485521
3914	0.42379	0.0486083
3915	0.423754	0.0485729
3916	0.423746	0.0485646
3917	0.423742	0.0485604
3918	0.423723	0.0485417
3919	0.423731	0.04855
3920	0.423771	0.0485896
3921	0.423685	0.0485042
3922	0.423746	0.0485646
3923	0.423685	0.0485042
3924	0.423629	0.0484479
3925	0.423677	0.0484958
3926	0.423667	0.0484854
3927	0.42364	0.0484583
3928	0.423633	0.0484521
3929	0.4236	0.0484187
3930	0.423579	0.0483979
3931	0.423548	0.0483667
3932	0.423569	0.0483875
3933	0.423531	0.04835
3934	0.423527	0.0483458
3935	0.423581	0.0484
3936	0.423548	0.0483667
3937	0.423556	0.048375
3938	0.423537	0.0483562
3939	0.423529	0.0483479
3940	0.423473	0.0482917
3941	0.423556	0.048375
3942	0.42354	0.0483583
3943	0.423558	0.0483771
3944	0.423592	0.0484104
3945	0.423529	0.0483479
3946	0.423496	0.0483146
3947	0.423469	0.0482875
3948	0.423517	0.0483354
3949	0.423467	0.0482854
3950	0.423485	0.0483042
3951	0.423448	0.0482667
3952	0.423465	0.0482833
3953	0.423492	0.0483104
3954	0.423394	0.0482125
3955	0.423435	0.0482542
3956	0.423417	0.0482354
3957	0.423331	0.04815
3958	0.423381	0.0482
3959	0.423329	0.0481479
3960	0.423285	0.0481042
3961	0.423327	0.0481458
3962	0.423263	0.0480812
3963	0.423233	0.0480521
3964	0.423229	0.0480479
3965	0.423225	0.0480438
3966	0.423281	0.0481
3967	0.423194	0.0480125
3968	0.423212	0.0480312
3969	0.423187	0.0480063
3970	0.423129	0.0479479
3971	0.423206	0.048025
3972	0.423192	0.0480104
3973	0.423192	0.0480104
3974	0.423142	0.0479604
3975	0.423148	0.0479667
3976	0.42315	0.0479687
3977	0.423125	0.0479437
3978	0.423175	0.0479937
3979	0.423125	0.0479437
3980	0.423121	0.0479396
3981	0.423181	0.048
3982	0.423131	0.04795
3983	0.423173	0.0479917
3984	0.423113	0.0479313
3985	0.423169	0.0479875
3986	0.423104	0.0479229
3987	0.423119	0.0479375
3988	0.42306	0.0478792
3989	0.423113	0.0479313
3990	0.423156	0.047975
3991	0.423108	0.0479271
3992	0.423115	0.0479333
3993	0.423119	0.0479375
3994	0.423108	0.0479271
3995	0.423142	0.0479604
3996	0.423127	0.0479458
3997	0.423085	0.0479042
3998	0.423117	0.0479354
3999	0.422981	0.0478
4000	0.42305	0.0478688
4001	0.423025	0.0478438
4002	0.423037	0.0478562
4003	0.423098	0.0479167
4004	0.423044	0.0478625
4005	0.422998	0.0478167
4006	0.423004	0.0478229
4007	0.423037	0.0478562
4008	0.423002	0.0478208
4009	0.422956	0.047775
4010	0.423006	0.047825
4011	0.423023	0.0478417
4012	0.423025	0.0478438
4013	0.42299	0.0478083
4014	0.42299	0.0478083
4015	0.422985	0.0478042
4016	0.422969	0.0477875
4017	0.422973	0.0477917
4018	0.423	0.0478188
4019	0.423019	0.0478375
4020	0.423015	0.0478333
4021	0.422996	0.0478146
4022	0.423015	0.0478333
4023	0.422981	0.0478
4024	0.422973	0.0477917
4025	0.423065	0.0478833
4026	0.423029	0.0478479
4027	0.42305	0.0478688
4028	0.423023	0.0478417
4029	0.423102	0.0479208
4030	0.423044	0.0478625
4031	0.42304	0.0478583
4032	0.4231	0.0479188
4033	0.423048	0.0478667
4034	0.423081	0.0479
4035	0.423046	0.0478646
4036	0.423035	0.0478542
4037	0.422981	0.0478
4038	0.422952	0.0477708
4039	0.422925	0.0477437
4040	0.422948	0.0477667
4041	0.42295	0.0477687
4042	0.422898	0.0477167
4043	0.422856	0.047675
4044	0.422865	0.0476833
4045	0.422835	0.0476542
4046	0.4228	0.0476188
4047	0.422771	0.0475896
4048	0.422835	0.0476542
4049	0.4228	0.0476188
4050	0.422819	0.0476375
4051	0.422837	0.0476562
4052	0.422756	0.047575
4053	0.42276	0.0475792
4054	0.422717	0.0475354
4055	0.422748	0.0475667
4056	0.42275	0.0475687
4057	0.422667	0.0474854
4058	0.422685	0.0475042
4059	0.422619	0.0474375
4060	0.422669	0.0474875
4061	0.422577	0.0473958
4062	0.42266	0.0474792
4063	0.422623	0.0474417
4064	0.422621	0.0474396
4065	0.422654	0.0474729
4066	0.422685	0.0475042
4067	0.422612	0.0474312
4068	0.422648	0.0474667
4069	0.422629	0.0474479
4070	0.422577	0.0473958
4071	0.422535	0.0473542
4072	0.42254	0.0473583
4073	0.422556	0.047375
4074	0.422546	0.0473646
4075	0.422542	0.0473604
4076	0.422542	0.0473604
4077	0.422496	0.0473146
4078	0.422494	0.0473125
4079	0.422485	0.0473042
4080	0.422542	0.0473604
4081	0.422494	0.0473125
4082	0.422527	0.0473458
4083	0.422523	0.0473417
4084	0.422519	0.0473375
4085	0.422554	0.0473729
4086	0.422527	0.0473458
4087	0.422502	0.0473208
4088	0.422527	0.0473458
4089	0.422542	0.0473604
4090	0.422517	0.0473354
4091	0.422538	0.0473563
4092	0.422519	0.0473375
4093	0.422548	0.0473667
4094	0.422533	0.0473521
4095	0.422525	0.0473437
4096	0.42251	0.0473292
4097	0.422487	0.0473063
4098	0.422469	0.0472875
4099	0.422398	0.0472167
4100	0.422421	0.0472396
4101	0.42239	0.0472083
4102	0.422367	0.0471854
4103	0.422417	0.0472354
4104	0.422383	0.0472021
4105	0.422369	0.0471875
4106	0.422338	0.0471562
4107	0.422338	0.0471562
4108	0.422344	0.0471625
4109	0.422296	0.0471146
4110	0.422279	0.0470979
4111	0.42231	0.0471292
4112	0.422338	0.0471562
4113	0.42226	0.0470792
4114	0.4223	0.0471187
4115	0.422256	0.047075
4116	0.422287	0.0471063
4117	0.422242	0.0470604
4118	0.42226	0.0470792
4119	0.422217	0.0470354
4120	0.422237	0.0470563
4121	0.42219	0.0470083
4122	0.422217	0.0470354
4123	0.422185	0.0470042
4124	0.422202	0.0470208
4125	0.422169	0.0469875
4126	0.422129	0.0469479
4127	0.422148	0.0469667
4128	0.422127	0.0469458
4129	0.422154	0.0469729
4130	0.4221	0.0469187
4131	0.422167	0.0469854
4132	0.422135	0.0469542
4133	0.422133	0.0469521
4134	0.4221	0.0469187
4135	0.422052	0.0468708
4136	0.422119	0.0469375
4137	0.422035	0.0468542
4138	0.422033	0.0468521
4139	0.422046	0.0468646
4140	0.422062	0.0468813
4141	0.421967	0.0467854
4142	0.422029	0.0468479
4143	0.422006	0.046825
4144	0.422038	0.0468563
4145	0.421983	0.0468021
4146	0.421983	0.0468021
4147	0.422015	0.0468333
4148	0.421962	0.0467812
4149	0.42195	0.0467688
4150	0.422	0.0468188
4151	0.421915	0.0467333
4152	0.421925	0.0467438
4153	0.421988	0.0468062
4154	0.421887	0.0467063
4155	0.421923	0.0467417
4156	0.421946	0.0467646
4157	0.421906	0.046725
4158	0.421948	0.0467667
4159	0.421919	0.0467375
4160	0.421927	0.0467458
4161	0.421875	0.0466937
4162	0.421915	0.0467333
4163	0.421933	0.0467521
4164	0.421935	0.0467542
4165	0.421933	0.0467521
4166	0.42191	0.0467292
4167	0.421906	0.046725
4168	0.421925	0.0467438
4169	0.421846	0.0466646
4170	0.421875	0.0466937
4171	0.421879	0.0466979
4172	0.421877	0.0466958
4173	0.42185	0.0466687
4174	0.421831	0.04665
4175	0.421819	0.0466375
4176	0.421823	0.0466417
4177	0.4218	0.0466187
4178	0.421896	0.0467146
4179	0.421752	0.0465708
4180	0.421821	0.0466396
4181	0.421865	0.0466833
4182	0.421875	0.0466937
4183	0.421898	0.0467167
4184	0.421894	0.0467125
4185	0.421844	0.0466625
4186	0.421881	0.0467
4187	0.421827	0.0466458
4188	0.421833	0.0466521
4189	0.421835	0.0466542
4190	0.421725	0.0465438
4191	0.421708	0.0465271
4192	0.421735	0.0465542
4193	0.421748	0.0465667
4194	0.421762	0.0465812
4195	0.421673	0.0464917
4196	0.42171	0.0465292
4197	0.42171	0.0465292
4198	0.421656	0.046475
4199	0.421706	0.046525
4200	0.421658	0.0464771
4201	0.421615	0.0464333
4202	0.421583	0.0464021
4203	0.421604	0.0464229
4204	0.421625	0.0464437
4205	0.421627	0.0464458
4206	0.421635	0.0464542
4207	0.42161	0.0464292
4208	0.421638	0.0464563
4209	0.421658	0.0464771
4210	0.421644	0.0464625
4211	0.42165	0.0464687
4212	0.421642	0.0464604
4213	0.421665	0.0464833
4214	0.421692	0.0465104
4215	0.421633	0.0464521
4216	0.421677	0.0464958
4217	0.421619	0.0464375
4218	0.421635	0.0464542
4219	0.421617	0.0464354
4220	0.421596	0.0464146
4221	0.421625	0.0464437
4222	0.421667	0.0464854
4223	0.421623	0.0464417
4224	0.421575	0.0463937
4225	0.421573	0.0463917
4226	0.421602	0.0464208
4227	0.42154	0.0463583
4228	0.421521	0.0463396
4229	0.421498	0.0463167
4230	0.421412	0.0462313
