1	1.00848
2	1.01127
3	1.01384
4	1.0149
5	1.01482
6	1.01294
7	1.0101
8	1.00928
9	1.0097
10	1.00689
11	1.01008
12	1.01059
13	1.0118
14	1.00925
15	1.01096
16	1.01173
17	1.01029
18	1.00736
19	1.01053
20	1.00623
21	1.00348
22	1.00398
23	1.00298
24	1.0021
25	1.00144
26	1.00344
27	1.00522
28	1.00093
29	1.00061
30	1.00156
31	1.00162
32	1.00255
33	1.00171
34	1.00212
35	1.00373
36	1.00347
37	1.00427
38	1.0021
39	1.00136
40	1.00174
41	1.00198
42	1.00307
43	1.00024
44	0.998912
45	1.0003
46	0.999792
47	0.999201
48	0.999409
49	0.998958
50	0.998357
51	0.998137
52	0.997039
53	0.997362
54	0.999051
55	0.998576
56	0.99705
57	0.996103
58	0.994671
59	0.994983
60	0.993645
61	0.994821
62	0.994936
63	0.994533
64	0.993069
65	0.991053
66	0.989845
67	0.991076
68	0.990995
69	0.99088
70	0.991444
71	0.991225
72	0.990983
73	0.989982
74	0.989546
75	0.989339
76	0.990247
77	0.989776
78	0.988764
79	0.988568
80	0.990949
81	0.988684
82	0.988385
83	0.988626
84	0.988029
85	0.987592
86	0.988052
87	0.98742
88	0.986433
89	0.986387
90	0.986387
91	0.985572
92	0.986421
93	0.986673
94	0.985698
95	0.987971
96	0.986123
97	0.989132
98	0.988879
99	0.99004
100	0.988925
101	0.99019
102	0.989373
103	0.988833
104	0.990212
105	0.989097
106	0.991329
107	0.992181
108	0.991801
109	0.99232
110	0.991203
111	0.990465
112	0.990627
113	0.991386
114	0.990604
115	0.991444
116	0.990972
117	0.991893
118	0.99073
119	0.991006
120	0.990006
121	0.990983
122	0.99042
123	0.992504
124	0.99164
125	0.991709
126	0.990282
127	0.992308
128	0.990696
129	0.991133
130	0.990132
131	0.991364
132	0.990109
133	0.990408
134	0.988557
135	0.988155
136	0.987741
137	0.988947
138	0.989534
139	0.988109
140	0.988132
141	0.986272
142	0.987948
143	0.987627
144	0.98649
145	0.98688
146	0.985481
147	0.98688
148	0.986513
149	0.985974
150	0.984586
151	0.985584
152	0.986192
153	0.986089
154	0.984999
155	0.985217
156	0.984701
157	0.983486
158	0.984357
159	0.983864
160	0.983842
161	0.984025
162	0.984231
163	0.985435
164	0.985217
165	0.985561
166	0.985446
167	0.984816
168	0.98312
169	0.983704
170	0.984426
171	0.985011
172	0.984759
173	0.984586
174	0.985595
175	0.986123
176	0.987282
177	0.98579
178	0.986938
179	0.985997
180	0.986708
181	0.985847
182	0.987213
183	0.986777
184	0.98626
185	0.986042
186	0.987661
187	0.988454
188	0.987569
189	0.987133
190	0.98912
191	0.987201
192	0.988971
193	0.987064
194	0.988649
195	0.988488
196	0.987213
197	0.9875
198	0.987201
199	0.988052
200	0.98788
201	0.988867
202	0.988499
203	0.988603
204	0.988052
205	0.987776
206	0.988063
207	0.989212
208	0.988649
209	0.98827
210	0.988155
211	0.987925
212	0.9895
213	0.989764
214	0.989649
215	0.990305
216	0.99088
217	0.989626
218	0.989879
219	0.989718
220	0.98981
221	0.990017
222	0.988408
223	0.98904
224	0.98866
225	0.988098
226	0.987454
227	0.986949
228	0.986226
229	0.9861
230	0.985813
231	0.984666
232	0.985962
233	0.984564
234	0.985411
235	0.985653
236	0.986743
237	0.987569
238	0.987213
239	0.987948
240	0.988694
241	0.988212
242	0.988235
243	0.988327
244	0.987213
245	0.988178
246	0.987788
247	0.987546
248	0.988879
249	0.988327
250	0.98827
251	0.988385
252	0.989235
253	0.989558
254	0.990696
255	0.989799
256	0.989258
257	0.988672
258	0.990155
259	0.989109
260	0.989534
261	0.989235
262	0.989558
263	0.989729
264	0.988787
265	0.988694
266	0.989063
267	0.989902
268	0.990075
269	0.990696
270	0.990673
271	0.991064
272	0.991755
273	0.992043
274	0.990155
275	0.990155
276	0.989178
277	0.991225
278	0.989626
279	0.989293
280	0.99057
281	0.989592
282	0.990627
283	0.989408
284	0.990431
285	0.990465
286	0.989799
287	0.989419
288	0.990282
289	0.99004
290	0.989453
291	0.988913
292	0.988856
293	0.989672
294	0.988385
295	0.989235
296	0.989442
297	0.989247
298	0.98858
299	0.98781
300	0.989649
301	0.987661
302	0.987983
303	0.989017
304	0.9892
305	0.988615
306	0.988994
307	0.987178
308	0.987075
309	0.9861
310	0.985332
311	0.986134
312	0.985171
313	0.984323
314	0.98571
315	0.986467
316	0.98602
317	0.986639
318	0.986593
319	0.98672
320	0.987271
321	0.987397
322	0.986995
323	0.987546
324	0.987213
325	0.986398
326	0.986984
327	0.987523
328	0.98618
329	0.987271
330	0.987592
331	0.988338
332	0.987535
333	0.986984
334	0.987041
335	0.986903
336	0.988074
337	0.989327
338	0.98804
339	0.988408
340	0.987788
341	0.987707
342	0.987409
343	0.987741
344	0.987213
345	0.987994
346	0.9875
347	0.988224
348	0.989592
349	0.988879
350	0.989822
351	0.989948
352	0.989753
353	0.990443
354	0.991053
355	0.9908
356	0.991237
357	0.99057
358	0.99088
359	0.992066
360	0.991513
361	0.992584
362	0.991939
363	0.992918
364	0.992918
365	0.992999
366	0.993057
367	0.992918
368	0.99368
369	0.992492
370	0.99391
371	0.99541
372	0.995341
373	0.996207
374	0.995595
375	0.997593
376	0.996033
377	0.996045
378	0.996322
379	0.996727
380	0.997466
381	0.997166
382	0.997408
383	0.998472
384	0.99838
385	0.997131
386	0.996449
387	0.997813
388	0.99601
389	0.996704
390	0.996958
391	0.997258
392	0.997975
393	0.998657
394	0.999051
395	0.998391
396	0.998958
397	0.998357
398	0.997755
399	0.998125
400	0.998542
401	0.998148
402	0.99838
403	0.997166
404	0.996542
405	0.995952
406	0.995399
407	0.996334
408	0.995941
409	0.995895
410	0.997085
411	0.996934
412	0.998091
413	0.997639
414	0.998021
415	0.998426
416	0.99623
417	0.997906
418	0.996738
419	0.996022
420	0.996161
421	0.99541
422	0.995849
423	0.996276
424	0.996068
425	0.996981
426	0.996565
427	0.997212
428	0.998171
429	0.997247
430	0.997605
431	0.998461
432	0.996727
433	0.997582
434	0.997512
435	0.99868
436	0.999815
437	0.999502
438	0.999595
439	0.998704
440	1.00013
441	0.999583
442	1.00082
443	1.00066
444	1.00041
445	1.00016
446	1.00031
447	1.00074
448	1.00014
449	1.00149
450	1.00165
451	1.00137
452	1.00254
453	1.0019
454	1.00314
455	1.00359
456	1.00306
457	1.00345
458	1.00309
459	1.00335
460	1.00361
461	1.00329
462	1.00524
463	1.00371
464	1.00377
465	1.00276
466	1.00289
467	1.00256
468	1.00323
469	1.00239
470	1.00187
471	1.00213
472	1.00319
473	1.00249
474	1.00307
475	1.00304
476	1.00349
477	1.00354
478	1.00362
479	1.00407
480	1.00442
481	1.00424
482	1.00473
483	1.00486
484	1.00465
485	1.00559
486	1.00573
487	1.00658
488	1.00548
489	1.00634
490	1.00513
491	1.00764
492	1.00718
493	1.00695
494	1.007
495	1.00573
496	1.00593
497	1.00525
498	1.00525
499	1.00392
500	1.00373
501	1.00399
502	1.00479
503	1.00329
504	1.00384
505	1.00341
506	1.00387
507	1.00371
508	1.00334
509	1.00402
510	1.00343
511	1.00373
512	1.0044
513	1.00415
514	1.00334
515	1.00311
516	1.00414
517	1.0043
518	1.00421
519	1.00428
520	1.00438
521	1.00496
522	1.00433
523	1.00595
524	1.00571
525	1.00566
526	1.00625
527	1.0055
528	1.00616
529	1.00651
530	1.00421
531	1.00604
532	1.00692
533	1.00625
534	1.00766
535	1.00829
536	1.00973
537	1.00849
538	1.00939
539	1.00914
540	1.01046
541	1.00933
542	1.00982
543	1.00958
544	1.00927
545	1.00808
546	1.0088
547	1.00978
548	1.00969
549	1.00947
550	1.00994
551	1.01055
552	1.01031
553	1.01006
554	1.01012
555	1.00976
556	1.01032
557	1.01124
558	1.00977
559	1.01136
560	1.0112
561	1.01146
562	1.01278
563	1.01342
564	1.01451
565	1.01493
566	1.01392
567	1.01487
568	1.01591
569	1.01618
570	1.01642
571	1.01667
572	1.01658
573	1.01626
574	1.01697
575	1.01738
576	1.01744
577	1.01629
578	1.01628
579	1.01639
580	1.01589
581	1.01602
582	1.01625
583	1.01637
584	1.0181
585	1.01732
586	1.01741
587	1.01719
588	1.01607
589	1.01663
590	1.01745
591	1.01657
592	1.01672
593	1.01646
594	1.01633
595	1.01738
596	1.01766
597	1.01861
598	1.01816
599	1.01881
600	1.01899
601	1.01816
602	1.01903
603	1.01851
604	1.01891
605	1.01779
606	1.01742
607	1.01753
608	1.01881
609	1.01823
610	1.01831
611	1.01936
612	1.01925
613	1.0182
614	1.01847
615	1.01835
616	1.01882
617	1.01916
618	1.0184
619	1.01804
620	1.01889
621	1.01844
622	1.01947
623	1.01838
624	1.01925
625	1.01792
626	1.01736
627	1.01751
628	1.01671
629	1.01806
630	1.01724
631	1.01789
632	1.01787
633	1.01713
634	1.01768
635	1.01727
636	1.01671
637	1.01738
638	1.01765
639	1.01756
640	1.01664
641	1.01705
642	1.01678
643	1.01728
644	1.01889
645	1.01871
646	1.01777
647	1.01823
648	1.01897
649	1.01889
650	1.01996
651	1.02033
652	1.02078
653	1.02138
654	1.02092
655	1.0209
656	1.0218
657	1.02273
658	1.02212
659	1.02213
660	1.022
661	1.02169
662	1.02335
663	1.02305
664	1.02227
665	1.02297
666	1.02313
667	1.02252
668	1.02328
669	1.02433
670	1.02347
671	1.02542
672	1.02572
673	1.02624
674	1.02608
675	1.02743
676	1.02719
677	1.02684
678	1.02746
679	1.02781
680	1.02832
681	1.0276
682	1.02771
683	1.02805
684	1.027
685	1.0277
686	1.02794
687	1.02797
688	1.02898
689	1.02962
690	1.02941
691	1.02967
692	1.02996
693	1.0295
694	1.02948
695	1.02989
696	1.02938
697	1.02921
698	1.03101
699	1.03164
700	1.03236
701	1.03181
702	1.03282
703	1.03194
704	1.03201
705	1.03268
706	1.03149
707	1.03171
708	1.03207
709	1.03192
710	1.03192
711	1.03259
712	1.03217
713	1.03243
714	1.03171
715	1.03259
716	1.03174
717	1.03336
718	1.03221
719	1.03278
720	1.03196
721	1.03184
722	1.03276
723	1.03263
724	1.03333
725	1.03381
726	1.03403
727	1.03438
728	1.03365
729	1.03383
730	1.03382
731	1.03353
732	1.03511
733	1.03407
734	1.03403
735	1.03402
736	1.03376
737	1.03539
738	1.03426
739	1.03526
740	1.03543
741	1.0355
742	1.03596
743	1.03503
744	1.03582
745	1.03614
746	1.03641
747	1.0371
748	1.0372
749	1.03791
750	1.03787
751	1.03795
752	1.03888
753	1.03998
754	1.04033
755	1.04104
756	1.0417
757	1.04215
758	1.04161
759	1.04289
760	1.0423
761	1.04307
762	1.04428
763	1.04352
764	1.04488
765	1.04382
766	1.04541
767	1.04528
768	1.04573
769	1.04575
770	1.04626
771	1.04591
772	1.04614
773	1.04646
774	1.04747
775	1.04769
776	1.04775
777	1.04842
778	1.04904
779	1.04886
780	1.04782
781	1.04856
782	1.04758
783	1.04799
784	1.04832
785	1.04932
786	1.04941
787	1.04916
788	1.04947
789	1.04984
790	1.05013
791	1.05061
792	1.05182
793	1.05251
794	1.0524
795	1.05218
796	1.05195
797	1.05244
798	1.05131
799	1.05199
800	1.05176
801	1.05119
802	1.05189
803	1.05106
804	1.0523
805	1.05188
806	1.05208
807	1.05357
808	1.05401
809	1.05393
810	1.05449
811	1.05332
812	1.05418
813	1.05482
814	1.05527
815	1.05432
816	1.05341
817	1.05434
818	1.05484
819	1.05571
820	1.05549
821	1.05575
822	1.05603
823	1.05552
824	1.05569
825	1.05537
826	1.05607
827	1.05516
828	1.05614
829	1.05677
830	1.05644
831	1.05586
832	1.05627
833	1.05649
834	1.05674
835	1.05663
836	1.05763
837	1.05715
838	1.05772
839	1.05759
840	1.05679
841	1.05694
842	1.05692
843	1.05724
844	1.05769
845	1.05714
846	1.05673
847	1.05781
848	1.05758
849	1.05742
850	1.05886
851	1.05934
852	1.05868
853	1.05957
854	1.05907
855	1.05921
856	1.05813
857	1.05816
858	1.05788
859	1.05765
860	1.05758
861	1.0576
862	1.05818
863	1.05963
864	1.05893
865	1.06007
866	1.05961
867	1.05911
868	1.05961
869	1.06012
870	1.06006
871	1.06019
872	1.06042
873	1.06022
874	1.06
875	1.06002
876	1.06012
877	1.06019
878	1.05945
879	1.06031
880	1.0601
881	1.06101
882	1.05934
883	1.05893
884	1.05836
885	1.05866
886	1.05806
887	1.05812
888	1.05718
889	1.05827
890	1.05919
891	1.05925
892	1.05941
893	1.05871
894	1.05952
895	1.05967
896	1.06031
897	1.05964
898	1.05943
899	1.05937
900	1.05913
901	1.05859
902	1.05986
903	1.05931
904	1.06018
905	1.06036
906	1.06089
907	1.06154
908	1.06005
909	1.06063
910	1.06
911	1.06146
912	1.06222
913	1.06294
914	1.06375
915	1.06298
916	1.06386
917	1.06293
918	1.06422
919	1.06367
920	1.06374
921	1.06402
922	1.06461
923	1.0644
924	1.06627
925	1.06562
926	1.06564
927	1.06681
928	1.06617
929	1.06685
930	1.06662
931	1.06596
932	1.06748
933	1.06723
934	1.06813
935	1.06722
936	1.06836
937	1.06876
938	1.06945
939	1.07038
940	1.07044
941	1.07049
942	1.06998
943	1.07026
944	1.06987
945	1.06973
946	1.06963
947	1.06958
948	1.07036
949	1.06899
950	1.06843
951	1.06877
952	1.06869
953	1.06889
954	1.06941
955	1.06846
956	1.06871
957	1.06913
958	1.06907
959	1.06855
960	1.06853
961	1.06745
962	1.06863
963	1.06773
964	1.06829
965	1.0686
966	1.06791
967	1.06928
968	1.06794
969	1.0682
970	1.06895
971	1.06952
972	1.06899
973	1.07063
974	1.07018
975	1.07114
976	1.07036
977	1.07067
978	1.07167
979	1.07141
980	1.07192
981	1.07293
982	1.07169
983	1.07281
984	1.07268
985	1.07233
986	1.0725
987	1.07263
988	1.07195
989	1.0729
990	1.07333
991	1.07242
992	1.07303
993	1.07338
994	1.07353
995	1.0727
996	1.07292
997	1.07313
998	1.07231
999	1.0723
1000	1.07284
1001	1.07254
1002	1.07314
1003	1.07434
1004	1.07316
1005	1.07291
1006	1.07295
1007	1.0725
1008	1.07271
1009	1.07297
1010	1.07355
1011	1.07431
1012	1.07483
1013	1.07417
1014	1.07496
1015	1.07571
1016	1.07477
1017	1.07513
1018	1.07517
1019	1.07595
1020	1.07611
1021	1.07628
1022	1.07569
1023	1.07534
1024	1.07616
1025	1.07594
1026	1.07579
1027	1.07539
1028	1.07583
1029	1.0765
1030	1.07779
1031	1.07795
1032	1.07773
1033	1.07792
1034	1.07665
1035	1.07758
1036	1.0783
1037	1.07776
1038	1.0782
1039	1.07814
1040	1.07819
1041	1.07861
1042	1.0783
1043	1.0785
1044	1.07901
1045	1.0798
1046	1.07915
1047	1.07976
1048	1.07945
1049	1.07908
1050	1.07895
1051	1.07954
1052	1.08014
1053	1.07945
1054	1.08068
1055	1.08046
1056	1.07996
1057	1.08128
1058	1.08167
1059	1.0823
1060	1.08266
1061	1.08246
1062	1.08134
1063	1.08304
1064	1.08282
1065	1.08246
1066	1.08343
1067	1.08301
1068	1.08353
1069	1.08301
1070	1.08409
1071	1.08378
1072	1.08514
1073	1.08531
1074	1.08501
1075	1.08468
1076	1.08468
1077	1.08496
1078	1.08422
1079	1.08481
1080	1.08486
1081	1.08491
1082	1.08572
1083	1.08622
1084	1.08636
1085	1.08553
1086	1.0867
1087	1.0859
1088	1.08715
1089	1.08636
1090	1.08767
1091	1.08757
1092	1.08678
1093	1.08627
1094	1.08691
1095	1.08751
1096	1.08714
1097	1.08683
1098	1.08651
1099	1.08595
1100	1.08674
1101	1.08747
1102	1.08627
1103	1.0865
1104	1.08723
1105	1.08704
1106	1.08821
1107	1.08736
1108	1.08827
1109	1.0898
1110	1.08891
1111	1.08882
1112	1.08897
1113	1.08885
1114	1.09044
1115	1.08974
1116	1.09082
1117	1.08986
1118	1.08913
1119	1.08921
1120	1.09007
1121	1.09088
1122	1.09082
1123	1.09157
1124	1.0933
1125	1.09183
1126	1.09304
1127	1.09179
1128	1.09333
1129	1.09272
1130	1.09246
1131	1.09305
1132	1.09302
1133	1.09236
1134	1.09323
1135	1.09262
1136	1.0927
1137	1.09305
1138	1.09236
1139	1.09205
1140	1.09338
1141	1.09384
1142	1.09323
1143	1.09437
1144	1.09491
1145	1.09423
1146	1.0954
1147	1.0956
1148	1.09619
1149	1.09687
1150	1.09741
1151	1.09756
1152	1.09709
1153	1.0981
1154	1.09776
1155	1.09796
1156	1.09688
1157	1.09789
1158	1.09783
1159	1.09754
1160	1.09723
1161	1.09841
1162	1.09817
1163	1.09745
1164	1.09736
1165	1.09799
1166	1.09814
1167	1.0984
1168	1.09823
1169	1.09841
1170	1.0981
1171	1.09856
1172	1.09796
1173	1.09936
1174	1.09876
1175	1.09908
1176	1.1008
1177	1.10113
1178	1.10045
1179	1.10175
1180	1.10153
1181	1.10086
1182	1.10092
1183	1.10027
1184	1.10053
1185	1.10147
1186	1.10169
1187	1.10301
1188	1.10199
1189	1.10238
1190	1.10271
1191	1.10231
1192	1.10263
1193	1.10268
1194	1.10165
1195	1.10132
1196	1.10309
1197	1.1032
1198	1.10349
1199	1.10375
1200	1.1047
1201	1.10391
1202	1.10474
1203	1.10435
1204	1.10501
1205	1.10608
1206	1.10681
1207	1.10701
1208	1.10643
1209	1.10595
1210	1.10677
1211	1.10692
1212	1.10681
1213	1.10633
1214	1.10696
1215	1.10749
1216	1.10805
1217	1.10835
1218	1.10841
1219	1.10951
1220	1.1084
1221	1.10875
1222	1.10836
1223	1.10926
1224	1.10923
1225	1.109
1226	1.10829
1227	1.1089
1228	1.10903
1229	1.10826
1230	1.1091
1231	1.10782
1232	1.10866
1233	1.10752
1234	1.10798
1235	1.10777
1236	1.10652
1237	1.10722
1238	1.10783
1239	1.10887
1240	1.10718
1241	1.10692
1242	1.10631
1243	1.10687
1244	1.10754
1245	1.1071
1246	1.10813
1247	1.10804
1248	1.10815
1249	1.10923
1250	1.1088
1251	1.10895
1252	1.11014
1253	1.11086
1254	1.11085
1255	1.1116
1256	1.11081
1257	1.11003
1258	1.11105
1259	1.11131
1260	1.11206
1261	1.1115
1262	1.11065
1263	1.11136
1264	1.1107
1265	1.11195
1266	1.11228
1267	1.11316
1268	1.11434
1269	1.11393
1270	1.11399
1271	1.11502
1272	1.11493
1273	1.1145
1274	1.11482
1275	1.11618
1276	1.11569
1277	1.11473
1278	1.11508
1279	1.11611
1280	1.11594
1281	1.11588
1282	1.11579
1283	1.11585
1284	1.11665
1285	1.11545
1286	1.11553
1287	1.11515
1288	1.11543
1289	1.11661
1290	1.1171
1291	1.11665
1292	1.11749
1293	1.11731
1294	1.11775
1295	1.11626
1296	1.11569
1297	1.11693
1298	1.11679
1299	1.11733
1300	1.11788
1301	1.11744
1302	1.11815
1303	1.11794
1304	1.11905
1305	1.11842
1306	1.1187
1307	1.11924
1308	1.11928
1309	1.11947
1310	1.12038
1311	1.12047
1312	1.12036
1313	1.12033
1314	1.12049
1315	1.12118
1316	1.12013
1317	1.11979
1318	1.11889
1319	1.11972
1320	1.11954
1321	1.11963
1322	1.11992
1323	1.11982
1324	1.11955
1325	1.11997
1326	1.11905
1327	1.11967
1328	1.11975
1329	1.11982
1330	1.11927
1331	1.11952
1332	1.11969
1333	1.12087
1334	1.12072
1335	1.12087
1336	1.12047
1337	1.12117
1338	1.12146
1339	1.1216
1340	1.12099
1341	1.12143
1342	1.12175
1343	1.12048
1344	1.12155
1345	1.12214
1346	1.12244
1347	1.12246
1348	1.1229
1349	1.12316
1350	1.1231
1351	1.12299
1352	1.1228
1353	1.12315
1354	1.12305
1355	1.1226
1356	1.12225
1357	1.12286
1358	1.12224
1359	1.12276
1360	1.12251
1361	1.12319
1362	1.12384
1363	1.1239
1364	1.12432
1365	1.12485
1366	1.12433
1367	1.12465
1368	1.12451
1369	1.1257
1370	1.12462
1371	1.12555
1372	1.1255
1373	1.12553
1374	1.12556
1375	1.12512
1376	1.12629
1377	1.12715
1378	1.1268
1379	1.12666
1380	1.1272
1381	1.12726
1382	1.1278
1383	1.12662
1384	1.1273
1385	1.12735
1386	1.12803
1387	1.12751
1388	1.12828
1389	1.12789
1390	1.12871
1391	1.12881
1392	1.12973
1393	1.12851
1394	1.12931
1395	1.12938
1396	1.13056
1397	1.13076
1398	1.13109
1399	1.13006
1400	1.13038
1401	1.13151
1402	1.13216
1403	1.13226
1404	1.13225
1405	1.13245
1406	1.1324
1407	1.13287
1408	1.13349
1409	1.13263
1410	1.1338
1411	1.13387
1412	1.13411
1413	1.13427
1414	1.13451
1415	1.13469
1416	1.13487
1417	1.13521
1418	1.13437
1419	1.13502
1420	1.13465
1421	1.1354
1422	1.13514
1423	1.13642
1424	1.13622
1425	1.13719
1426	1.1369
1427	1.13713
1428	1.13822
1429	1.13864
1430	1.1388
1431	1.13892
1432	1.13942
1433	1.13975
1434	1.13934
1435	1.14102
1436	1.14115
1437	1.1406
1438	1.14044
1439	1.14121
1440	1.14024
1441	1.14175
1442	1.14019
1443	1.14069
1444	1.13981
1445	1.14074
1446	1.14125
1447	1.1421
1448	1.14189
1449	1.14218
1450	1.14281
1451	1.14265
1452	1.14256
1453	1.143
1454	1.14219
1455	1.14278
1456	1.14245
1457	1.14297
1458	1.14208
1459	1.14287
1460	1.14339
1461	1.14388
1462	1.14392
1463	1.14513
1464	1.14356
1465	1.14449
1466	1.14498
1467	1.1461
1468	1.1456
1469	1.14621
1470	1.14638
1471	1.1461
1472	1.14729
1473	1.14658
1474	1.14682
1475	1.14622
1476	1.14607
1477	1.14634
1478	1.14729
1479	1.14641
1480	1.14573
1481	1.14598
1482	1.14557
1483	1.14621
1484	1.14653
1485	1.14615
1486	1.14626
1487	1.14802
1488	1.14667
1489	1.14708
1490	1.14746
1491	1.14814
1492	1.14792
1493	1.14787
1494	1.14821
1495	1.1487
1496	1.14849
1497	1.14866
1498	1.1484
1499	1.14778
1500	1.14999
1501	1.14871
1502	1.14945
1503	1.14967
1504	1.14962
1505	1.14871
1506	1.15094
1507	1.15065
1508	1.15043
1509	1.14977
1510	1.15019
1511	1.14986
1512	1.15052
1513	1.15011
1514	1.14978
1515	1.15004
1516	1.15051
1517	1.15102
1518	1.15015
1519	1.15013
1520	1.15125
1521	1.15126
1522	1.15153
1523	1.15282
1524	1.15346
1525	1.15385
1526	1.15519
1527	1.15507
1528	1.15475
1529	1.15625
1530	1.15514
1531	1.15615
1532	1.15663
1533	1.15725
1534	1.15648
1535	1.15809
1536	1.15809
1537	1.15868
1538	1.15917
1539	1.15806
1540	1.1591
1541	1.15918
1542	1.15868
1543	1.16077
1544	1.15908
1545	1.16027
1546	1.16059
1547	1.16099
1548	1.15937
1549	1.16024
1550	1.15954
1551	1.15941
1552	1.15962
1553	1.15878
1554	1.15887
1555	1.15992
1556	1.16001
1557	1.1601
1558	1.16059
1559	1.16095
1560	1.16076
1561	1.16162
1562	1.16102
1563	1.1614
1564	1.16181
1565	1.16175
1566	1.16197
1567	1.16184
1568	1.16157
1569	1.16217
1570	1.16138
1571	1.16185
1572	1.16237
1573	1.16184
1574	1.16189
1575	1.16174
1576	1.16129
1577	1.16089
1578	1.1603
1579	1.16127
1580	1.16253
1581	1.16226
1582	1.16266
1583	1.16261
1584	1.16174
1585	1.16342
1586	1.16361
1587	1.16418
1588	1.16422
1589	1.16387
1590	1.16392
1591	1.16358
1592	1.1645
1593	1.16498
1594	1.16506
1595	1.16573
1596	1.1648
1597	1.16541
1598	1.16628
1599	1.16641
1600	1.1662
1601	1.16574
1602	1.16548
1603	1.16596
1604	1.16542
1605	1.16479
1606	1.16517
1607	1.16539
1608	1.16561
1609	1.16601
1610	1.16644
1611	1.16684
1612	1.1666
1613	1.16681
1614	1.1672
1615	1.16697
1616	1.16775
1617	1.16766
1618	1.16757
1619	1.16793
1620	1.16859
1621	1.1688
1622	1.17026
1623	1.16956
1624	1.16889
1625	1.16899
1626	1.16904
1627	1.16868
1628	1.16872
1629	1.1693
1630	1.16853
1631	1.16947
1632	1.16932
1633	1.16924
1634	1.17027
1635	1.17039
1636	1.17009
1637	1.16996
1638	1.17031
1639	1.17135
1640	1.17086
1641	1.17114
1642	1.17175
1643	1.17243
1644	1.17278
1645	1.17217
1646	1.17167
1647	1.17237
1648	1.17285
1649	1.17251
1650	1.17286
1651	1.17363
1652	1.17344
1653	1.17312
1654	1.17315
1655	1.17321
1656	1.17319
1657	1.17403
1658	1.17376
1659	1.17469
1660	1.17492
1661	1.17488
1662	1.17372
1663	1.17465
1664	1.17466
1665	1.17543
1666	1.17627
1667	1.17552
1668	1.17615
1669	1.17649
1670	1.17665
1671	1.17697
1672	1.17612
1673	1.17577
1674	1.17662
1675	1.17782
1676	1.17605
1677	1.17844
1678	1.17783
1679	1.17792
1680	1.17938
1681	1.17936
1682	1.17943
1683	1.18093
1684	1.17939
1685	1.1799
1686	1.17979
1687	1.18013
1688	1.1794
1689	1.17985
1690	1.17953
1691	1.17834
1692	1.17882
1693	1.17835
1694	1.17883
1695	1.17978
1696	1.17916
1697	1.17852
1698	1.17905
1699	1.17936
1700	1.1793
1701	1.17878
1702	1.17947
1703	1.17853
1704	1.17961
1705	1.17973
1706	1.18005
1707	1.17951
1708	1.17943
1709	1.17908
1710	1.18008
1711	1.17909
1712	1.18027
1713	1.17903
1714	1.17945
1715	1.17917
1716	1.17894
1717	1.17916
1718	1.1802
1719	1.18035
1720	1.18129
1721	1.18086
1722	1.18178
1723	1.18191
1724	1.18232
1725	1.18188
1726	1.1824
1727	1.18125
1728	1.18219
1729	1.18112
1730	1.18214
1731	1.18184
1732	1.1827
1733	1.18285
1734	1.18162
1735	1.1815
1736	1.18232
1737	1.18208
1738	1.18201
1739	1.18106
1740	1.18146
1741	1.18138
1742	1.18082
1743	1.18207
1744	1.18237
1745	1.18263
1746	1.18345
1747	1.18332
1748	1.1836
1749	1.18413
1750	1.18392
1751	1.18407
1752	1.18425
1753	1.18412
1754	1.18401
1755	1.18386
1756	1.18471
1757	1.1844
1758	1.1846
1759	1.18424
1760	1.18454
1761	1.18438
1762	1.18545
1763	1.18516
1764	1.18578
1765	1.18529
1766	1.18521
1767	1.1852
1768	1.18592
1769	1.18562
1770	1.18576
1771	1.18734
1772	1.18702
1773	1.18768
1774	1.18759
1775	1.18916
1776	1.18991
1777	1.18961
1778	1.19099
1779	1.19113
1780	1.19013
1781	1.19124
1782	1.19012
1783	1.1908
1784	1.19145
1785	1.19199
1786	1.19224
1787	1.19251
1788	1.19271
1789	1.19274
1790	1.1927
1791	1.19346
1792	1.19301
1793	1.19295
1794	1.19312
1795	1.19186
1796	1.19263
1797	1.19246
1798	1.19366
1799	1.19354
1800	1.19411
1801	1.19442
1802	1.19419
1803	1.19459
1804	1.19482
1805	1.19364
1806	1.19342
1807	1.19359
1808	1.19331
1809	1.19442
1810	1.19447
1811	1.19524
1812	1.19556
1813	1.19682
1814	1.19605
1815	1.19599
1816	1.19782
1817	1.19698
1818	1.19726
1819	1.19619
1820	1.19627
1821	1.19578
1822	1.1969
1823	1.19697
1824	1.19745
1825	1.19814
1826	1.19801
1827	1.19882
1828	1.19903
1829	1.19939
1830	1.19953
1831	1.19899
1832	1.1997
1833	1.20034
1834	1.20084
1835	1.20101
1836	1.20146
1837	1.20117
1838	1.2006
1839	1.20051
1840	1.20072
1841	1.20131
1842	1.20184
1843	1.20242
1844	1.20226
1845	1.20159
1846	1.20201
1847	1.20245
1848	1.202
1849	1.20315
1850	1.2027
1851	1.20345
1852	1.20379
1853	1.20355
1854	1.20407
1855	1.20349
1856	1.20383
1857	1.20501
1858	1.20425
1859	1.20437
1860	1.20514
1861	1.20521
1862	1.20547
1863	1.20534
1864	1.20509
1865	1.20482
1866	1.20616
1867	1.20576
1868	1.20566
1869	1.206
1870	1.20573
1871	1.20593
1872	1.20473
1873	1.2054
1874	1.20519
1875	1.2065
1876	1.20812
1877	1.20712
1878	1.20756
1879	1.20861
1880	1.20845
1881	1.20751
1882	1.20763
1883	1.20755
1884	1.20874
1885	1.20877
1886	1.20911
1887	1.20956
1888	1.21034
1889	1.20994
1890	1.20939
1891	1.20989
1892	1.20985
1893	1.20989
1894	1.21121
1895	1.21059
1896	1.21036
1897	1.21156
1898	1.21166
1899	1.21221
1900	1.21175
1901	1.21098
1902	1.21215
1903	1.21203
1904	1.21223
1905	1.21261
1906	1.21241
1907	1.21231
1908	1.21245
1909	1.21252
1910	1.21268
1911	1.21208
1912	1.21329
1913	1.21332
1914	1.21407
1915	1.21429
1916	1.21316
1917	1.21381
1918	1.21425
1919	1.21434
1920	1.21487
1921	1.21459
1922	1.21442
1923	1.21337
1924	1.21367
1925	1.21317
1926	1.21342
1927	1.2141
1928	1.21459
1929	1.21458
1930	1.21415
1931	1.2148
1932	1.2147
1933	1.21574
1934	1.21578
1935	1.21532
1936	1.21474
1937	1.21551
1938	1.2152
1939	1.21583
1940	1.21595
1941	1.21669
1942	1.21769
1943	1.21704
1944	1.21649
1945	1.21753
1946	1.21796
1947	1.21795
1948	1.21752
1949	1.21793
1950	1.21817
1951	1.21808
1952	1.21873
1953	1.21784
1954	1.21823
1955	1.21821
1956	1.21854
1957	1.21924
1958	1.21854
1959	1.21928
1960	1.21985
1961	1.2195
1962	1.21871
1963	1.21979
1964	1.22084
1965	1.22091
1966	1.22003
1967	1.22069
1968	1.22101
1969	1.22121
1970	1.22177
1971	1.22107
1972	1.22151
1973	1.22101
1974	1.22219
1975	1.22196
1976	1.22208
1977	1.22241
1978	1.2222
1979	1.22253
1980	1.22225
1981	1.22278
1982	1.22176
1983	1.2226
1984	1.22133
1985	1.2225
1986	1.22215
1987	1.22221
1988	1.22229
1989	1.22231
1990	1.22324
1991	1.22372
1992	1.22318
1993	1.2233
1994	1.22425
1995	1.22467
1996	1.22401
1997	1.22477
1998	1.22596
1999	1.22544
2000	1.22597
2001	1.22617
2002	1.22583
2003	1.22639
2004	1.22635
2005	1.22603
2006	1.22608
2007	1.22696
2008	1.22726
2009	1.22686
2010	1.22723
2011	1.22794
2012	1.22785
2013	1.22707
2014	1.22826
2015	1.22814
2016	1.2282
2017	1.22779
2018	1.22734
2019	1.22818
2020	1.22781
2021	1.22774
2022	1.22773
2023	1.22842
2024	1.2288
2025	1.23012
2026	1.2299
2027	1.2295
2028	1.22899
2029	1.22982
2030	1.23006
2031	1.23038
2032	1.23029
2033	1.23037
2034	1.22951
2035	1.23067
2036	1.2305
2037	1.23135
2038	1.23136
2039	1.23064
2040	1.23146
2041	1.23157
2042	1.23252
2043	1.23216
2044	1.23334
2045	1.2331
2046	1.23358
2047	1.23403
2048	1.23377
2049	1.23469
2050	1.23482
2051	1.23407
2052	1.23463
2053	1.23489
2054	1.23454
2055	1.23543
2056	1.23587
2057	1.23649
2058	1.2361
2059	1.23563
2060	1.23623
2061	1.23712
2062	1.23716
2063	1.23815
2064	1.23772
2065	1.23703
2066	1.23747
2067	1.2382
2068	1.23741
2069	1.23764
2070	1.23738
2071	1.23747
2072	1.23793
2073	1.23712
2074	1.23904
2075	1.23897
2076	1.23945
2077	1.2394
2078	1.23922
2079	1.24011
2080	1.24017
2081	1.23984
2082	1.24074
2083	1.24127
2084	1.24147
2085	1.24093
2086	1.24207
2087	1.24176
2088	1.24107
2089	1.2417
2090	1.24309
2091	1.24357
2092	1.24425
2093	1.2433
2094	1.24286
2095	1.24365
2096	1.24399
2097	1.24437
2098	1.24471
2099	1.24441
2100	1.24418
2101	1.24477
2102	1.2459
2103	1.24578
2104	1.2456
2105	1.2455
2106	1.24536
2107	1.24414
2108	1.24465
2109	1.24496
2110	1.24508
2111	1.2453
2112	1.24584
2113	1.24579
2114	1.24602
2115	1.24708
2116	1.24682
2117	1.24762
2118	1.24801
2119	1.2486
2120	1.24772
2121	1.24801
2122	1.24786
2123	1.2475
2124	1.24862
2125	1.24861
2126	1.24796
2127	1.24896
2128	1.2494
2129	1.24953
2130	1.24986
2131	1.25054
2132	1.24974
2133	1.24994
2134	1.2491
2135	1.24895
2136	1.24989
2137	1.25117
2138	1.2503
2139	1.2505
2140	1.2506
2141	1.25011
2142	1.25149
2143	1.25038
2144	1.25065
2145	1.2507
2146	1.25091
2147	1.25127
2148	1.25084
2149	1.25108
2150	1.25231
2151	1.25258
2152	1.25371
2153	1.25298
2154	1.25343
2155	1.25329
2156	1.25398
2157	1.25328
2158	1.25453
2159	1.2539
2160	1.25359
2161	1.25308
2162	1.25304
2163	1.25308
2164	1.2542
2165	1.2549
2166	1.25449
2167	1.25496
2168	1.25544
2169	1.25507
2170	1.25627
2171	1.25584
2172	1.25724
2173	1.25711
2174	1.25644
2175	1.25685
2176	1.25768
2177	1.25622
2178	1.25772
2179	1.25772
2180	1.25731
2181	1.25829
2182	1.25853
2183	1.25839
2184	1.25799
2185	1.25884
2186	1.26
2187	1.25959
2188	1.25966
2189	1.25965
2190	1.25972
2191	1.25982
2192	1.25905
2193	1.25991
2194	1.2587
2195	1.26011
2196	1.26067
2197	1.2597
2198	1.26071
2199	1.26045
2200	1.26106
2201	1.26195
2202	1.26122
2203	1.26204
2204	1.2631
2205	1.26345
2206	1.26322
2207	1.26399
2208	1.26441
2209	1.26415
2210	1.26364
2211	1.26404
2212	1.2641
2213	1.26469
2214	1.26434
2215	1.26497
2216	1.26447
2217	1.26396
2218	1.26441
2219	1.26393
2220	1.264
2221	1.26444
2222	1.26367
2223	1.26427
2224	1.26414
2225	1.26484
2226	1.2648
2227	1.26414
2228	1.26518
2229	1.26532
2230	1.26506
2231	1.26592
2232	1.2663
2233	1.26672
2234	1.26659
2235	1.26585
2236	1.26639
2237	1.26648
2238	1.26754
2239	1.26698
2240	1.2672
2241	1.26684
2242	1.26853
2243	1.26858
2244	1.26841
2245	1.26874
2246	1.26863
2247	1.26912
2248	1.26962
2249	1.26902
2250	1.26913
2251	1.26993
2252	1.26929
2253	1.2704
2254	1.26989
2255	1.27061
2256	1.27047
2257	1.27118
2258	1.26957
2259	1.27045
2260	1.2709
2261	1.26959
2262	1.27022
2263	1.27055
2264	1.27088
2265	1.27044
2266	1.27084
2267	1.2708
2268	1.27039
2269	1.27102
2270	1.27069
2271	1.27058
2272	1.27079
2273	1.26988
2274	1.27136
2275	1.27048
2276	1.27121
2277	1.27226
2278	1.27342
2279	1.27389
2280	1.27368
2281	1.27391
2282	1.27419
2283	1.27415
2284	1.27466
2285	1.27504
2286	1.27486
2287	1.27489
2288	1.27571
2289	1.27528
2290	1.27575
2291	1.27584
2292	1.27618
2293	1.2771
2294	1.2776
2295	1.27728
2296	1.27789
2297	1.27713
2298	1.27822
2299	1.27825
2300	1.27822
2301	1.27866
2302	1.27707
2303	1.27819
2304	1.27876
2305	1.27862
2306	1.27936
2307	1.27875
2308	1.27978
2309	1.27999
2310	1.28034
2311	1.28013
2312	1.27972
2313	1.28013
2314	1.28032
2315	1.2805
2316	1.28103
2317	1.27972
2318	1.27938
2319	1.28008
2320	1.28093
2321	1.28117
2322	1.28102
2323	1.28097
2324	1.28176
2325	1.28106
2326	1.28061
2327	1.2823
2328	1.28182
2329	1.28149
2330	1.28232
2331	1.28183
2332	1.28161
2333	1.28183
2334	1.28182
2335	1.2819
2336	1.28176
2337	1.28265
2338	1.28258
2339	1.28322
2340	1.28316
2341	1.28341
2342	1.28283
2343	1.28454
2344	1.28365
2345	1.28366
2346	1.28344
2347	1.28458
2348	1.28479
2349	1.2842
2350	1.28551
2351	1.28584
2352	1.2857
2353	1.28576
2354	1.28511
2355	1.28552
2356	1.2859
2357	1.28622
2358	1.28597
2359	1.28683
2360	1.28657
2361	1.287
2362	1.2878
2363	1.28796
2364	1.28858
2365	1.28826
2366	1.28832
2367	1.28896
2368	1.28876
2369	1.28938
2370	1.28939
2371	1.29103
2372	1.29098
2373	1.29188
2374	1.29145
2375	1.29116
2376	1.29174
2377	1.29198
2378	1.29172
2379	1.29282
2380	1.29262
2381	1.29333
2382	1.29375
2383	1.29453
2384	1.295
2385	1.29423
2386	1.2954
2387	1.29589
2388	1.29534
2389	1.29532
2390	1.29603
2391	1.29569
2392	1.29715
2393	1.29625
2394	1.29575
2395	1.29617
2396	1.29641
2397	1.29568
2398	1.29638
2399	1.29705
2400	1.2969
2401	1.29664
2402	1.29769
2403	1.29709
2404	1.2975
2405	1.29793
2406	1.29746
2407	1.29713
2408	1.29669
2409	1.29701
2410	1.29769
2411	1.29806
2412	1.29859
2413	1.29886
2414	1.29932
2415	1.30023
2416	1.3012
2417	1.30146
2418	1.30197
2419	1.30201
2420	1.30247
2421	1.30222
2422	1.30264
2423	1.30354
2424	1.30378
2425	1.30362
2426	1.30324
2427	1.30371
2428	1.30402
2429	1.30337
2430	1.30399
2431	1.30324
2432	1.30345
2433	1.3033
2434	1.30421
2435	1.30334
2436	1.30326
2437	1.30326
2438	1.30343
2439	1.30365
2440	1.30487
2441	1.30358
2442	1.30487
2443	1.30489
2444	1.30555
2445	1.30525
2446	1.30511
2447	1.30565
2448	1.30484
2449	1.30587
2450	1.30508
2451	1.30515
2452	1.3043
2453	1.30445
2454	1.30479
2455	1.30428
2456	1.30473
2457	1.30584
2458	1.30618
2459	1.30611
2460	1.30724
2461	1.30812
2462	1.30684
2463	1.30811
2464	1.30832
2465	1.30819
2466	1.30897
2467	1.30981
2468	1.30966
2469	1.30925
2470	1.30981
2471	1.31009
2472	1.30974
2473	1.30957
2474	1.30935
2475	1.30966
2476	1.30998
2477	1.30956
2478	1.30953
2479	1.30936
2480	1.30959
2481	1.31031
2482	1.31012
2483	1.3105
2484	1.31115
2485	1.31066
2486	1.31138
2487	1.31218
2488	1.312
2489	1.31344
2490	1.31269
2491	1.31255
2492	1.31242
2493	1.31228
2494	1.31371
2495	1.31392
2496	1.31389
2497	1.31287
2498	1.31244
2499	1.31375
2500	1.31379
2501	1.3143
2502	1.31458
2503	1.31381
2504	1.3147
2505	1.31422
2506	1.31498
2507	1.31499
2508	1.31638
2509	1.31553
2510	1.31549
2511	1.31545
2512	1.31522
2513	1.31504
2514	1.31487
2515	1.31577
2516	1.31543
2517	1.31555
2518	1.31546
2519	1.31663
2520	1.31601
2521	1.31586
2522	1.31634
2523	1.31639
2524	1.31719
2525	1.31679
2526	1.31712
2527	1.31805
2528	1.3172
2529	1.3189
2530	1.31821
2531	1.31896
2532	1.3191
2533	1.3194
2534	1.31887
2535	1.32013
2536	1.31924
2537	1.31962
2538	1.32035
2539	1.32046
2540	1.32015
2541	1.32067
2542	1.3208
2543	1.32076
2544	1.31998
2545	1.32091
2546	1.32114
2547	1.32022
2548	1.32045
2549	1.32003
2550	1.32086
2551	1.31991
2552	1.32046
2553	1.31921
2554	1.32039
2555	1.32016
2556	1.31911
2557	1.31994
2558	1.31972
2559	1.32089
2560	1.32081
2561	1.32168
2562	1.32206
2563	1.32249
2564	1.32225
2565	1.32184
2566	1.3224
2567	1.32218
2568	1.32239
2569	1.32249
2570	1.32253
2571	1.32307
2572	1.32398
2573	1.32324
2574	1.32429
2575	1.32415
2576	1.32472
2577	1.32498
2578	1.32466
2579	1.32471
2580	1.32491
2581	1.32562
2582	1.32431
2583	1.32465
2584	1.32502
2585	1.32392
2586	1.32402
2587	1.32499
2588	1.32546
2589	1.32523
2590	1.32575
2591	1.32557
2592	1.32532
2593	1.32542
2594	1.3255
2595	1.32512
2596	1.32542
2597	1.32505
2598	1.32557
2599	1.32509
2600	1.32654
2601	1.32532
2602	1.32482
2603	1.32599
2604	1.32579
2605	1.32606
2606	1.32575
2607	1.32557
2608	1.32515
2609	1.32509
2610	1.32353
2611	1.32492
2612	1.32437
2613	1.32451
2614	1.32429
2615	1.32565
2616	1.32485
2617	1.32489
2618	1.32448
2619	1.32485
2620	1.32536
2621	1.32532
2622	1.32646
2623	1.32599
2624	1.32636
2625	1.32597
2626	1.32533
2627	1.32519
2628	1.32529
2629	1.32439
2630	1.32474
2631	1.32464
2632	1.32577
2633	1.32579
2634	1.32621
2635	1.32546
2636	1.32586
2637	1.32599
2638	1.32664
2639	1.32688
2640	1.32717
2641	1.32757
2642	1.32765
2643	1.32807
2644	1.32743
2645	1.32795
2646	1.32777
2647	1.32818
2648	1.32703
2649	1.32834
2650	1.32839
2651	1.32871
2652	1.32918
2653	1.32915
2654	1.33013
2655	1.32986
2656	1.32958
2657	1.33065
2658	1.32989
2659	1.33083
2660	1.33036
2661	1.33018
2662	1.32998
2663	1.33062
2664	1.33188
2665	1.33022
2666	1.33041
2667	1.33015
2668	1.32966
2669	1.32995
2670	1.3309
2671	1.33062
2672	1.33073
2673	1.33025
2674	1.33025
2675	1.33035
2676	1.33035
2677	1.33076
2678	1.33123
2679	1.33189
2680	1.33225
2681	1.3315
2682	1.33225
2683	1.33341
2684	1.33302
2685	1.33296
2686	1.33285
2687	1.33415
2688	1.33341
2689	1.33376
2690	1.33393
2691	1.33471
2692	1.33538
2693	1.33506
2694	1.33609
2695	1.33611
2696	1.33531
2697	1.33574
2698	1.33449
2699	1.33509
2700	1.33529
2701	1.33582
2702	1.33567
2703	1.33651
2704	1.33598
2705	1.33531
2706	1.33577
2707	1.33634
2708	1.33611
2709	1.33647
2710	1.33599
2711	1.33612
2712	1.33724
2713	1.3372
2714	1.33779
2715	1.33824
2716	1.33797
2717	1.33713
2718	1.33771
2719	1.33816
2720	1.3387
2721	1.33773
2722	1.33786
2723	1.33796
2724	1.33781
2725	1.33869
2726	1.33766
2727	1.33844
2728	1.33758
2729	1.33773
2730	1.33741
2731	1.33783
2732	1.33781
2733	1.3386
2734	1.33879
2735	1.33877
2736	1.33886
2737	1.33887
2738	1.34007
2739	1.33987
2740	1.34005
2741	1.34054
2742	1.34156
2743	1.34334
2744	1.34264
2745	1.34213
2746	1.34257
2747	1.34301
2748	1.34285
2749	1.34198
2750	1.34238
2751	1.34271
2752	1.34346
2753	1.34328
2754	1.34464
2755	1.34324
2756	1.34436
2757	1.34415
2758	1.34465
2759	1.34472
2760	1.34451
2761	1.3459
2762	1.34541
2763	1.34564
2764	1.34585
2765	1.34593
2766	1.34629
2767	1.34567
2768	1.34531
2769	1.34638
2770	1.34634
2771	1.34626
2772	1.34608
2773	1.34634
2774	1.34655
2775	1.34625
2776	1.34683
2777	1.34776
2778	1.3475
2779	1.34773
2780	1.3482
2781	1.34837
2782	1.3485
2783	1.34922
2784	1.34853
2785	1.34998
2786	1.35033
2787	1.34929
2788	1.35032
2789	1.35056
2790	1.35026
2791	1.35124
2792	1.35066
2793	1.35128
2794	1.35049
2795	1.35175
2796	1.35156
2797	1.35259
2798	1.35243
2799	1.35254
2800	1.3529
2801	1.35354
2802	1.35422
2803	1.35438
2804	1.35396
2805	1.35425
2806	1.35437
2807	1.35607
2808	1.35587
2809	1.35555
2810	1.35568
2811	1.35551
2812	1.35596
2813	1.35632
2814	1.35649
2815	1.35586
2816	1.35716
2817	1.35731
2818	1.35797
2819	1.35784
2820	1.35779
2821	1.35709
2822	1.35832
2823	1.35813
2824	1.3577
2825	1.35823
2826	1.35735
2827	1.3581
2828	1.35783
2829	1.35784
2830	1.35677
2831	1.35752
2832	1.35671
2833	1.3571
2834	1.35661
2835	1.35734
2836	1.35631
2837	1.35629
2838	1.35687
2839	1.35705
2840	1.35768
2841	1.35636
2842	1.35668
2843	1.357
2844	1.35751
2845	1.35661
2846	1.35773
2847	1.35729
2848	1.35806
2849	1.35768
2850	1.3579
2851	1.35841
2852	1.35812
2853	1.35925
2854	1.35908
2855	1.35883
2856	1.35921
2857	1.35922
2858	1.35996
2859	1.35956
2860	1.35931
2861	1.35979
2862	1.35938
2863	1.35913
2864	1.35834
2865	1.35953
2866	1.35924
2867	1.35916
2868	1.35931
2869	1.3598
2870	1.35954
2871	1.3594
2872	1.36006
2873	1.35929
2874	1.36073
2875	1.36027
2876	1.36073
2877	1.36031
2878	1.3612
2879	1.36149
2880	1.36069
2881	1.36033
2882	1.36046
2883	1.36179
2884	1.36166
2885	1.36178
2886	1.36203
2887	1.362
2888	1.36223
2889	1.36224
2890	1.36303
2891	1.36162
2892	1.36264
2893	1.36296
2894	1.36319
2895	1.36402
2896	1.36399
2897	1.36306
2898	1.3639
2899	1.36328
2900	1.3635
2901	1.36354
2902	1.36408
2903	1.36431
2904	1.36513
2905	1.36465
2906	1.36475
2907	1.36481
2908	1.36465
2909	1.36526
2910	1.36475
2911	1.366
2912	1.36561
2913	1.365
2914	1.36586
2915	1.36548
2916	1.36648
2917	1.36587
2918	1.36549
2919	1.36619
2920	1.36596
2921	1.36572
2922	1.36642
2923	1.36628
2924	1.36621
2925	1.36584
2926	1.36596
2927	1.36635
2928	1.36642
2929	1.36698
2930	1.36676
2931	1.36736
2932	1.36839
2933	1.36834
2934	1.36831
2935	1.36813
2936	1.36799
2937	1.36866
2938	1.36855
2939	1.36939
2940	1.36863
2941	1.36812
2942	1.36844
2943	1.3686
2944	1.36857
2945	1.3678
2946	1.36953
2947	1.3698
2948	1.36985
2949	1.37054
2950	1.36981
2951	1.37104
2952	1.37173
2953	1.37142
2954	1.37244
2955	1.37211
2956	1.37208
2957	1.37187
2958	1.37061
2959	1.37101
2960	1.37069
2961	1.37038
2962	1.37124
2963	1.37149
2964	1.37287
2965	1.37175
2966	1.37241
2967	1.37209
2968	1.3723
2969	1.37213
2970	1.37212
2971	1.37174
2972	1.37228
2973	1.37284
2974	1.37213
2975	1.37265
2976	1.37192
2977	1.37262
2978	1.37189
2979	1.37274
2980	1.37186
2981	1.37295
2982	1.37328
2983	1.37376
2984	1.3735
2985	1.37376
2986	1.37319
2987	1.37435
2988	1.37457
2989	1.37388
2990	1.37392
2991	1.37442
2992	1.37443
2993	1.37509
2994	1.37372
2995	1.37451
2996	1.37445
2997	1.37452
2998	1.37455
2999	1.37499
3000	1.37476
3001	1.37561
3002	1.3748
3003	1.3747
3004	1.37448
3005	1.37451
3006	1.3743
3007	1.37437
3008	1.37417
3009	1.37443
3010	1.37421
3011	1.37457
3012	1.37399
3013	1.37404
3014	1.37372
3015	1.37487
3016	1.37307
3017	1.37309
3018	1.37373
3019	1.37354
3020	1.37423
3021	1.37399
3022	1.3743
3023	1.37338
3024	1.37373
3025	1.37354
3026	1.37439
3027	1.37427
3028	1.37458
3029	1.37455
3030	1.37483
3031	1.376
3032	1.37531
3033	1.37588
3034	1.37518
3035	1.37458
3036	1.3742
3037	1.37531
3038	1.37487
3039	1.37619
3040	1.37511
3041	1.375
3042	1.37523
3043	1.3742
3044	1.37473
3045	1.37546
3046	1.37509
3047	1.37612
3048	1.37547
3049	1.37523
3050	1.37577
3051	1.3763
3052	1.37688
3053	1.37737
3054	1.37861
3055	1.37908
3056	1.3801
3057	1.38066
3058	1.37989
3059	1.38017
3060	1.38001
3061	1.37977
3062	1.38001
3063	1.3813
3064	1.38177
3065	1.38125
3066	1.38086
3067	1.38126
3068	1.3817
3069	1.3811
3070	1.38095
3071	1.38057
3072	1.3807
3073	1.3813
3074	1.38072
3075	1.38138
3076	1.38207
3077	1.38219
3078	1.38239
3079	1.38356
3080	1.38303
3081	1.38192
3082	1.38216
3083	1.38239
3084	1.38294
3085	1.38366
3086	1.38372
3087	1.38443
3088	1.38462
3089	1.38513
3090	1.38588
3091	1.3851
3092	1.38524
3093	1.38621
3094	1.38493
3095	1.38482
3096	1.38512
3097	1.38568
3098	1.38591
3099	1.3864
3100	1.38597
3101	1.38624
3102	1.38701
3103	1.38692
3104	1.38599
3105	1.38606
3106	1.38645
3107	1.38602
3108	1.38622
3109	1.38543
3110	1.38572
3111	1.38575
3112	1.38684
3113	1.38701
3114	1.386
3115	1.38643
3116	1.38608
3117	1.38583
3118	1.38639
3119	1.3855
3120	1.38529
3121	1.38504
3122	1.38465
3123	1.38631
3124	1.3868
3125	1.38643
3126	1.38668
3127	1.38786
3128	1.38904
3129	1.38947
3130	1.39006
3131	1.3894
3132	1.38884
3133	1.39032
3134	1.39086
3135	1.39058
3136	1.39108
3137	1.39182
3138	1.39211
3139	1.392
3140	1.3927
3141	1.39336
3142	1.39314
3143	1.3935
3144	1.39385
3145	1.3939
3146	1.39486
3147	1.39378
3148	1.39498
3149	1.39436
3150	1.3943
3151	1.39434
3152	1.39411
3153	1.39507
3154	1.39474
3155	1.39474
3156	1.39556
3157	1.39479
3158	1.39434
3159	1.39488
3160	1.39319
3161	1.39488
3162	1.39476
3163	1.39489
3164	1.39523
3165	1.3954
3166	1.39522
3167	1.39583
3168	1.39694
3169	1.39594
3170	1.39612
3171	1.39559
3172	1.39612
3173	1.39663
3174	1.3974
3175	1.39762
3176	1.39865
3177	1.39822
3178	1.39949
3179	1.39957
3180	1.40042
3181	1.40095
3182	1.40147
3183	1.40216
3184	1.40274
3185	1.40281
3186	1.40326
3187	1.40407
3188	1.40424
3189	1.40371
3190	1.40363
3191	1.40322
3192	1.40375
3193	1.40412
3194	1.40468
3195	1.40405
3196	1.4049
3197	1.4039
3198	1.40523
3199	1.40611
3200	1.40542
3201	1.40569
3202	1.40548
3203	1.40635
3204	1.40665
3205	1.40729
3206	1.4075
3207	1.40765
3208	1.40771
3209	1.40775
3210	1.4091
3211	1.40956
3212	1.40949
3213	1.40866
3214	1.40901
3215	1.41014
3216	1.41028
3217	1.41041
3218	1.41127
3219	1.41098
3220	1.41172
3221	1.41218
3222	1.41224
3223	1.41323
3224	1.4132
3225	1.4126
3226	1.41342
3227	1.41323
3228	1.41338
3229	1.41437
3230	1.41311
3231	1.41462
3232	1.41342
3233	1.41372
3234	1.41482
3235	1.4147
3236	1.41386
3237	1.41416
3238	1.41485
3239	1.41435
3240	1.41417
3241	1.41462
3242	1.41587
3243	1.41564
3244	1.41656
3245	1.41593
3246	1.41679
3247	1.41654
3248	1.4167
3249	1.41608
3250	1.41638
3251	1.41734
3252	1.41641
3253	1.41683
3254	1.41651
3255	1.41802
3256	1.41811
3257	1.41757
3258	1.41665
3259	1.41677
3260	1.41733
3261	1.41721
3262	1.41782
3263	1.41805
3264	1.41727
3265	1.41794
3266	1.41758
3267	1.41763
3268	1.41665
3269	1.41793
3270	1.41797
3271	1.41731
3272	1.41835
3273	1.41809
3274	1.41881
3275	1.41966
3276	1.41905
3277	1.41886
3278	1.41806
3279	1.41893
3280	1.41902
3281	1.41908
3282	1.41964
3283	1.42027
3284	1.42032
3285	1.42018
3286	1.4199
3287	1.42082
3288	1.42075
3289	1.42063
3290	1.42158
3291	1.42191
3292	1.42146
3293	1.42122
3294	1.42137
3295	1.42104
3296	1.42091
3297	1.42124
3298	1.42178
3299	1.42207
3300	1.42243
3301	1.42268
3302	1.42178
3303	1.42202
3304	1.42199
3305	1.42359
3306	1.42335
3307	1.42298
3308	1.42356
3309	1.42383
3310	1.42333
3311	1.42309
3312	1.42338
3313	1.42335
3314	1.42375
3315	1.42486
3316	1.42398
3317	1.42452
3318	1.42478
3319	1.42469
3320	1.42549
3321	1.42517
3322	1.42552
3323	1.42556
3324	1.42659
3325	1.42677
3326	1.42642
3327	1.42763
3328	1.42695
3329	1.42641
3330	1.42677
3331	1.42703
3332	1.42712
3333	1.42707
3334	1.42798
3335	1.42791
3336	1.42918
3337	1.4296
3338	1.4285
3339	1.4289
3340	1.42893
3341	1.42958
3342	1.42866
3343	1.42912
3344	1.42969
3345	1.42936
3346	1.42931
3347	1.43158
3348	1.42984
3349	1.43102
3350	1.43142
3351	1.42995
3352	1.43093
3353	1.43137
3354	1.43061
3355	1.43028
3356	1.43093
3357	1.4313
3358	1.43195
3359	1.43142
3360	1.43228
3361	1.43125
3362	1.43187
3363	1.43222
3364	1.43195
3365	1.43207
3366	1.43321
3367	1.43277
3368	1.43225
3369	1.43295
3370	1.43378
3371	1.43277
3372	1.43327
3373	1.4329
3374	1.43446
3375	1.43407
3376	1.43504
3377	1.43527
3378	1.43547
3379	1.43497
3380	1.43583
3381	1.43624
3382	1.4372
3383	1.43694
3384	1.43673
3385	1.43667
3386	1.43776
3387	1.4367
3388	1.43703
3389	1.43689
3390	1.4367
3391	1.43781
3392	1.43671
3393	1.43699
3394	1.43712
3395	1.43647
3396	1.43802
3397	1.43773
3398	1.43721
3399	1.43691
3400	1.43746
3401	1.43747
3402	1.43718
3403	1.43723
3404	1.43732
3405	1.43756
3406	1.4363
3407	1.4377
3408	1.43787
3409	1.43779
3410	1.43674
3411	1.43726
3412	1.43715
3413	1.43779
3414	1.43823
3415	1.43855
3416	1.43793
3417	1.43765
3418	1.43802
3419	1.43753
3420	1.43893
3421	1.43975
3422	1.43854
3423	1.43779
3424	1.43916
3425	1.43839
3426	1.43805
3427	1.4387
3428	1.43872
3429	1.43873
3430	1.43846
3431	1.43875
3432	1.43972
3433	1.43808
3434	1.43872
3435	1.43898
3436	1.43849
3437	1.43816
3438	1.4387
3439	1.4388
3440	1.43968
3441	1.4395
3442	1.43863
3443	1.43912
3444	1.43953
3445	1.43916
3446	1.43947
3447	1.43918
3448	1.43936
3449	1.43922
3450	1.4388
3451	1.4386
3452	1.43898
3453	1.43832
3454	1.43839
3455	1.43895
3456	1.4394
3457	1.43898
3458	1.44026
3459	1.44059
3460	1.44087
3461	1.44117
3462	1.44128
3463	1.44148
3464	1.44146
3465	1.44176
3466	1.44201
3467	1.44306
3468	1.44369
3469	1.44396
3470	1.4445
3471	1.44491
3472	1.44446
3473	1.44587
3474	1.44556
3475	1.44665
3476	1.44625
3477	1.44605
3478	1.44749
3479	1.4485
3480	1.44868
3481	1.44888
3482	1.44933
3483	1.4487
3484	1.4489
3485	1.44764
3486	1.44763
3487	1.44689
3488	1.44743
3489	1.4481
3490	1.44853
3491	1.44819
3492	1.44746
3493	1.44783
3494	1.44813
3495	1.44807
3496	1.44752
3497	1.44744
3498	1.44761
3499	1.44723
3500	1.44715
3501	1.44752
3502	1.44735
3503	1.4485
3504	1.4481
3505	1.44729
3506	1.44743
3507	1.44858
3508	1.44851
3509	1.44865
3510	1.44881
3511	1.449
3512	1.44931
3513	1.44936
3514	1.44934
3515	1.44989
3516	1.45001
3517	1.45032
3518	1.4498
3519	1.45008
3520	1.45089
3521	1.45103
3522	1.45205
3523	1.45168
3524	1.45156
3525	1.4525
3526	1.45267
3527	1.45256
3528	1.45213
3529	1.45133
3530	1.45259
3531	1.4519
3532	1.45221
3533	1.45271
3534	1.45311
3535	1.45322
3536	1.45423
3537	1.45376
3538	1.45458
3539	1.45412
3540	1.45425
3541	1.45543
3542	1.45419
3543	1.45512
3544	1.45524
3545	1.45515
3546	1.45538
3547	1.45604
3548	1.45574
3549	1.45578
3550	1.45618
3551	1.45614
3552	1.45555
3553	1.45563
3554	1.45541
3555	1.45567
3556	1.45546
3557	1.45511
3558	1.45529
3559	1.45572
3560	1.45549
3561	1.45607
3562	1.4568
3563	1.45669
3564	1.4571
3565	1.4581
3566	1.4586
3567	1.45883
3568	1.45964
3569	1.45875
3570	1.45855
3571	1.45886
3572	1.45978
3573	1.46007
3574	1.46009
3575	1.4604
3576	1.46049
3577	1.46077
3578	1.46048
3579	1.46121
3580	1.46066
3581	1.46126
3582	1.4618
3583	1.46183
3584	1.46203
3585	1.46226
3586	1.46169
3587	1.46183
3588	1.4614
3589	1.46132
3590	1.46226
3591	1.46231
3592	1.46186
3593	1.46203
3594	1.46262
3595	1.46339
3596	1.46388
3597	1.46371
3598	1.46331
3599	1.46413
3600	1.46286
3601	1.46412
3602	1.46407
3603	1.46486
3604	1.46546
3605	1.4647
3606	1.4645
3607	1.46524
3608	1.46549
3609	1.46546
3610	1.46558
3611	1.46444
3612	1.4649
3613	1.46506
3614	1.46653
3615	1.46605
3616	1.4654
3617	1.46608
3618	1.46529
3619	1.46541
3620	1.46506
3621	1.4653
3622	1.46617
3623	1.46608
3624	1.46598
3625	1.46683
3626	1.46657
3627	1.4673
3628	1.46787
3629	1.46631
3630	1.4664
3631	1.46656
3632	1.46697
3633	1.46665
3634	1.46748
3635	1.46787
3636	1.46708
3637	1.46781
3638	1.46767
3639	1.46765
3640	1.46786
3641	1.46821
3642	1.46834
3643	1.46933
3644	1.47067
3645	1.46976
3646	1.46923
3647	1.47038
3648	1.47105
3649	1.47174
3650	1.47117
3651	1.47154
3652	1.47146
3653	1.47215
3654	1.47213
3655	1.47224
3656	1.47244
3657	1.47249
3658	1.47325
3659	1.47272
3660	1.47339
3661	1.47249
3662	1.47322
3663	1.4732
3664	1.47354
3665	1.47246
3666	1.47249
3667	1.47398
3668	1.47511
3669	1.47482
3670	1.47483
3671	1.47542
3672	1.4752
3673	1.47454
3674	1.47354
3675	1.47424
3676	1.47362
3677	1.47306
3678	1.47306
3679	1.47364
3680	1.47404
3681	1.47295
3682	1.47438
3683	1.47371
3684	1.47438
3685	1.47477
3686	1.47469
3687	1.4743
3688	1.47491
3689	1.47446
3690	1.47494
3691	1.4755
3692	1.47514
3693	1.47541
3694	1.47648
3695	1.47597
3696	1.47471
3697	1.47558
3698	1.4757
3699	1.47586
3700	1.47545
3701	1.47639
3702	1.47541
3703	1.47517
3704	1.47636
3705	1.47522
3706	1.47576
3707	1.4762
3708	1.47611
3709	1.476
3710	1.47654
3711	1.47682
3712	1.47706
3713	1.47735
3714	1.47628
3715	1.47677
3716	1.47662
3717	1.47677
3718	1.47469
3719	1.47516
3720	1.47522
3721	1.47566
3722	1.47511
3723	1.47584
3724	1.47584
3725	1.47572
3726	1.47584
3727	1.47493
3728	1.47594
3729	1.47566
3730	1.47642
3731	1.47692
3732	1.47685
3733	1.47679
3734	1.47685
3735	1.47828
3736	1.47796
3737	1.47822
3738	1.4774
3739	1.47776
3740	1.47838
3741	1.47895
3742	1.4788
3743	1.47973
3744	1.47941
3745	1.47909
3746	1.48081
3747	1.4804
3748	1.48015
3749	1.48046
3750	1.48001
3751	1.48128
3752	1.48096
3753	1.4821
3754	1.48131
3755	1.48142
3756	1.48184
3757	1.4824
3758	1.4817
3759	1.48131
3760	1.4819
3761	1.4819
3762	1.48145
3763	1.48159
3764	1.48212
3765	1.48315
3766	1.48199
3767	1.48296
3768	1.48266
3769	1.48302
3770	1.48246
3771	1.4826
3772	1.48249
3773	1.48319
3774	1.4836
3775	1.48449
3776	1.48365
3777	1.48394
3778	1.48346
3779	1.48387
3780	1.48407
3781	1.48465
3782	1.48493
3783	1.48408
3784	1.48541
3785	1.48502
3786	1.48518
3787	1.48441
3788	1.48497
3789	1.48585
3790	1.48526
3791	1.4864
3792	1.48529
3793	1.48513
3794	1.48655
3795	1.48568
3796	1.48591
3797	1.48646
3798	1.48607
3799	1.48618
3800	1.48654
3801	1.48659
3802	1.48657
3803	1.48588
3804	1.48665
3805	1.48666
3806	1.48599
3807	1.48574
3808	1.48555
3809	1.48591
3810	1.48485
3811	1.48571
3812	1.48477
3813	1.48558
3814	1.48652
3815	1.48643
3816	1.48576
3817	1.48623
3818	1.4873
3819	1.48685
3820	1.48702
3821	1.48904
3822	1.48787
3823	1.48842
3824	1.48838
3825	1.48957
3826	1.49005
3827	1.48953
3828	1.48954
3829	1.49026
3830	1.48943
3831	1.48907
3832	1.48973
3833	1.49015
3834	1.49001
3835	1.4907
3836	1.48994
3837	1.48953
3838	1.49081
3839	1.49099
3840	1.49061
3841	1.49103
3842	1.49058
3843	1.49133
3844	1.49149
3845	1.4916
3846	1.49147
3847	1.49182
3848	1.49233
3849	1.49147
3850	1.49222
3851	1.49166
3852	1.49171
3853	1.49144
3854	1.49121
3855	1.49097
3856	1.49238
3857	1.492
3858	1.492
3859	1.49276
3860	1.4934
3861	1.49277
3862	1.49315
3863	1.49202
3864	1.49304
3865	1.49364
3866	1.49405
3867	1.49438
3868	1.49334
3869	1.49461
3870	1.49392
3871	1.49513
3872	1.49378
3873	1.49379
3874	1.4943
3875	1.49412
3876	1.49359
3877	1.49438
3878	1.49427
3879	1.49535
3880	1.49537
3881	1.49521
3882	1.49447
3883	1.49566
3884	1.49612
3885	1.49585
3886	1.4962
3887	1.49603
3888	1.49541
3889	1.49559
3890	1.49577
3891	1.49656
3892	1.49571
3893	1.49672
3894	1.4965
3895	1.49678
3896	1.49592
3897	1.49702
3898	1.49684
3899	1.49688
3900	1.49738
3901	1.497
3902	1.49684
3903	1.49699
3904	1.49774
3905	1.49835
3906	1.49835
3907	1.49774
3908	1.4984
3909	1.49916
3910	1.49859
3911	1.4988
3912	1.49858
3913	1.49947
3914	1.4995
3915	1.49917
3916	1.49917
3917	1.49968
3918	1.49894
3919	1.49853
3920	1.49933
3921	1.49922
3922	1.49905
3923	1.50015
3924	1.50012
3925	1.50007
3926	1.50083
3927	1.50018
3928	1.50077
3929	1.4995
3930	1.50092
3931	1.50029
3932	1.50088
3933	1.49979
3934	1.50037
3935	1.49985
3936	1.50092
3937	1.49966
3938	1.50013
3939	1.50002
3940	1.50102
3941	1.50249
3942	1.50089
3943	1.50201
3944	1.50258
3945	1.50261
3946	1.50242
3947	1.50247
3948	1.50219
3949	1.50286
3950	1.50269
3951	1.50368
3952	1.50359
3953	1.50312
3954	1.50361
3955	1.50455
3956	1.50447
3957	1.50386
3958	1.50376
3959	1.5055
3960	1.50454
3961	1.5047
3962	1.5055
3963	1.50465
3964	1.50645
3965	1.50672
3966	1.50664
3967	1.50769
3968	1.50637
3969	1.50715
3970	1.50702
3971	1.50737
3972	1.50727
3973	1.50784
3974	1.50723
3975	1.50745
3976	1.50783
3977	1.50784
3978	1.50758
3979	1.5065
3980	1.50758
3981	1.50805
3982	1.50773
3983	1.50818
3984	1.50857
3985	1.50707
3986	1.50775
3987	1.50794
3988	1.50826
3989	1.5084
3990	1.50908
3991	1.50933
3992	1.50835
3993	1.5083
3994	1.50864
3995	1.50862
3996	1.5086
3997	1.50911
3998	1.50773
3999	1.50808
4000	1.50821
4001	1.50819
4002	1.50921
4003	1.50872
4004	1.50857
4005	1.50872
4006	1.50852
4007	1.50834
4008	1.50767
4009	1.50872
4010	1.50851
4011	1.50944
4012	1.50981
4013	1.50954
4014	1.50829
4015	1.50822
4016	1.50835
4017	1.50814
4018	1.50789
4019	1.50824
4020	1.50865
4021	1.50928
4022	1.50868
4023	1.51022
4024	1.50941
4025	1.50852
4026	1.50897
4027	1.50913
4028	1.50887
4029	1.50898
4030	1.50963
4031	1.51033
4032	1.51035
4033	1.5113
4034	1.51151
4035	1.51087
4036	1.51127
4037	1.5119
4038	1.51119
4039	1.51166
4040	1.51174
4041	1.51141
4042	1.51192
4043	1.51192
4044	1.51109
4045	1.51211
4046	1.51265
4047	1.51217
4048	1.5119
4049	1.51276
4050	1.51149
4051	1.51189
4052	1.51068
4053	1.51152
4054	1.51084
4055	1.51166
4056	1.5117
4057	1.51235
4058	1.51206
4059	1.51155
4060	1.51204
4061	1.51255
4062	1.51166
4063	1.51209
4064	1.51208
4065	1.51235
4066	1.51203
4067	1.51208
4068	1.51122
4069	1.51101
4070	1.51154
4071	1.51174
4072	1.51176
4073	1.51228
4074	1.51114
4075	1.51177
4076	1.51147
4077	1.51141
4078	1.51179
4079	1.51125
4080	1.51139
4081	1.51082
4082	1.51149
4083	1.51184
4084	1.51173
4085	1.51216
4086	1.51139
4087	1.511
4088	1.51058
4089	1.51097
4090	1.51149
4091	1.51173
4092	1.51179
4093	1.51025
4094	1.50992
4095	1.51024
4096	1.51144
4097	1.51171
4098	1.51152
4099	1.51155
4100	1.51152
4101	1.51133
4102	1.51097
4103	1.51151
4104	1.51181
4105	1.51158
4106	1.51163
4107	1.51133
4108	1.51165
4109	1.511
4110	1.51263
4111	1.51241
4112	1.51239
4113	1.51301
4114	1.51317
4115	1.51223
4116	1.51358
4117	1.513
4118	1.51387
4119	1.51439
4120	1.51403
4121	1.51538
4122	1.51432
4123	1.51339
4124	1.51425
4125	1.51368
4126	1.51377
4127	1.51398
4128	1.51389
4129	1.51486
4130	1.51522
4131	1.51463
4132	1.51476
4133	1.51522
4134	1.51509
4135	1.51552
4136	1.5157
4137	1.51482
4138	1.51549
4139	1.51568
4140	1.51589
4141	1.51584
4142	1.51603
4143	1.51594
4144	1.51646
4145	1.51579
4146	1.51627
4147	1.51621
4148	1.51632
4149	1.51735
4150	1.51702
4151	1.51746
4152	1.51813
4153	1.51836
4154	1.51824
4155	1.51934
4156	1.51944
4157	1.51866
4158	1.51879
4159	1.51834
4160	1.51855
4161	1.51882
4162	1.51941
4163	1.521
4164	1.52011
4165	1.52014
4166	1.52076
4167	1.52188
4168	1.5218
4169	1.52148
4170	1.52145
4171	1.5217
4172	1.52236
4173	1.52199
4174	1.52193
4175	1.52226
4176	1.52266
4177	1.52169
4178	1.52107
4179	1.52118
4180	1.52186
4181	1.52115
4182	1.52178
4183	1.52183
4184	1.52138
4185	1.52252
4186	1.52207
4187	1.52146
4188	1.52102
4189	1.52198
4190	1.5225
4191	1.52241
4192	1.52172
4193	1.52207
4194	1.52138
4195	1.52292
4196	1.5219
4197	1.52196
4198	1.52215
4199	1.52131
4200	1.5207
4201	1.52162
4202	1.52065
4203	1.52127
4204	1.52131
4205	1.52118
4206	1.52111
4207	1.52092
4208	1.52199
4209	1.52177
4210	1.52126
4211	1.52212
4212	1.52245
4213	1.52277
4214	1.52349
4215	1.5225
4216	1.52308
4217	1.52336
4218	1.52381
4219	1.52482
4220	1.52418
4221	1.52493
4222	1.52578
4223	1.52586
4224	1.5253
4225	1.5249
4226	1.5245
4227	1.52491
4228	1.52447
4229	1.52432
4230	1.5248
4231	1.52554
4232	1.52483
4233	1.52437
4234	1.5244
4235	1.52616
4236	1.52571
4237	1.52528
4238	1.52602
4239	1.52675
4240	1.52623
4241	1.52648
4242	1.52715
4243	1.52683
4244	1.52762
4245	1.52829
4246	1.52864
4247	1.52864
4248	1.52775
4249	1.52863
4250	1.52787
4251	1.52781
4252	1.52863
4253	1.52978
4254	1.52957
4255	1.52989
4256	1.52992
4257	1.53053
4258	1.53039
4259	1.53124
4260	1.53018
4261	1.53251
4262	1.53134
4263	1.53142
4264	1.53204
4265	1.53294
4266	1.53281
4267	1.53177
4268	1.53254
4269	1.53344
4270	1.53376
4271	1.53355
4272	1.53337
4273	1.53357
4274	1.53297
4275	1.53363
4276	1.53278
4277	1.53249
4278	1.53337
4279	1.53296
4280	1.53313
4281	1.53352
4282	1.53304
4283	1.53268
4284	1.53329
4285	1.53301
4286	1.53352
4287	1.5327
4288	1.53296
4289	1.53219
4290	1.53203
4291	1.5332
4292	1.53264
4293	1.53265
4294	1.53336
4295	1.53376
4296	1.53354
4297	1.53381
4298	1.53352
4299	1.53366
4300	1.53312
4301	1.53373
4302	1.53389
4303	1.53423
4304	1.53366
4305	1.53516
4306	1.53403
4307	1.53485
4308	1.53479
4309	1.53455
4310	1.53437
4311	1.53484
4312	1.5337
4313	1.53447
4314	1.53476
4315	1.53532
4316	1.53569
4317	1.53609
4318	1.53604
4319	1.53537
4320	1.53696
4321	1.53624
4322	1.53714
4323	1.53696
4324	1.53665
4325	1.53694
4326	1.5367
4327	1.53749
4328	1.53691
4329	1.53767
4330	1.53786
4331	1.53831
4332	1.53857
4333	1.53852
4334	1.53857
4335	1.5388
4336	1.53873
4337	1.53838
4338	1.53931
4339	1.53954
4340	1.53978
4341	1.53849
4342	1.53893
4343	1.5393
4344	1.53949
4345	1.53981
4346	1.53999
4347	1.53905
4348	1.53978
4349	1.53978
4350	1.54026
4351	1.53939
4352	1.53952
4353	1.5398
4354	1.5401
4355	1.53981
4356	1.54041
4357	1.54097
4358	1.54002
4359	1.54102
4360	1.54041
4361	1.54139
4362	1.5403
4363	1.53991
4364	1.5412
4365	1.54055
4366	1.54223
4367	1.54065
4368	1.54128
4369	1.54217
4370	1.54246
4371	1.54273
4372	1.54331
4373	1.54297
4374	1.5444
4375	1.54446
4376	1.5442
4377	1.54503
4378	1.54462
4379	1.54556
4380	1.54574
4381	1.54554
4382	1.54554
4383	1.54538
4384	1.54517
4385	1.54517
4386	1.54571
4387	1.5454
4388	1.54556
4389	1.54559
4390	1.54624
4391	1.54582
4392	1.54674
4393	1.54621
4394	1.54723
4395	1.54601
4396	1.54669
4397	1.54706
4398	1.54711
4399	1.54664
4400	1.54656
4401	1.5471
4402	1.54723
4403	1.54818
4404	1.54802
4405	1.54786
4406	1.54823
4407	1.54809
4408	1.54841
4409	1.54833
4410	1.54732
4411	1.54796
4412	1.54728
4413	1.54719
4414	1.5476
4415	1.54739
4416	1.54812
4417	1.54862
4418	1.54847
4419	1.54867
4420	1.54898
4421	1.54937
4422	1.54862
4423	1.54924
4424	1.54964
4425	1.54909
4426	1.54937
4427	1.55016
4428	1.54956
4429	1.55005
4430	1.54867
4431	1.54943
4432	1.54924
4433	1.55047
4434	1.55031
4435	1.54988
4436	1.54962
4437	1.54993
4438	1.5494
4439	1.55074
4440	1.55024
4441	1.55037
4442	1.55069
4443	1.55107
4444	1.55211
4445	1.55261
4446	1.55272
4447	1.55381
4448	1.55332
4449	1.55386
4450	1.55471
4451	1.55323
4452	1.5529
4453	1.55362
4454	1.55313
4455	1.55347
4456	1.55308
4457	1.5531
4458	1.55352
4459	1.55311
4460	1.55451
4461	1.55326
4462	1.55404
4463	1.55423
4464	1.55349
4465	1.55415
4466	1.55402
4467	1.5544
4468	1.55337
4469	1.55324
4470	1.55419
4471	1.55326
4472	1.5541
4473	1.55497
4474	1.55393
4475	1.55399
4476	1.55393
4477	1.55388
4478	1.55401
4479	1.5549
4480	1.55474
4481	1.55506
4482	1.55396
4483	1.55506
4484	1.55358
4485	1.55376
4486	1.55386
4487	1.55441
4488	1.55469
4489	1.5541
4490	1.55451
4491	1.55552
4492	1.55477
4493	1.55462
4494	1.55362
4495	1.5541
4496	1.55456
4497	1.55402
4498	1.55399
4499	1.55293
4500	1.55376
4501	1.55393
4502	1.55469
4503	1.55498
4504	1.55568
4505	1.55584
4506	1.55619
4507	1.55718
4508	1.55653
4509	1.55711
4510	1.55664
4511	1.55641
4512	1.55558
4513	1.55654
4514	1.55581
4515	1.55671
4516	1.557
4517	1.55581
4518	1.55706
4519	1.55679
4520	1.55737
4521	1.55801
4522	1.55721
4523	1.55755
4524	1.55742
4525	1.55721
4526	1.55713
4527	1.55741
4528	1.55765
4529	1.55765
4530	1.55812
4531	1.55794
4532	1.55943
4533	1.55853
4534	1.55837
4535	1.55734
4536	1.55897
4537	1.55863
4538	1.55845
4539	1.55889
4540	1.55905
4541	1.55926
4542	1.55959
4543	1.55944
4544	1.56096
4545	1.56063
4546	1.56065
4547	1.55993
4548	1.55972
4549	1.5605
4550	1.56124
4551	1.56233
4552	1.56256
4553	1.56192
4554	1.56199
4555	1.56212
4556	1.56333
4557	1.56243
4558	1.56218
4559	1.56218
4560	1.56225
4561	1.56166
4562	1.56138
4563	1.56289
4564	1.56245
4565	1.56253
4566	1.56279
4567	1.56325
4568	1.56184
4569	1.56199
4570	1.56251
4571	1.56398
4572	1.56261
4573	1.56271
4574	1.56349
4575	1.56339
4576	1.56344
4577	1.56339
4578	1.56295
4579	1.56325
4580	1.56447
4581	1.56326
4582	1.5638
4583	1.56427
4584	1.56514
4585	1.56477
4586	1.56473
4587	1.56534
4588	1.56485
4589	1.56519
4590	1.56568
4591	1.56593
4592	1.56666
4593	1.56686
4594	1.56663
4595	1.56689
4596	1.56663
4597	1.56609
4598	1.56678
4599	1.56607
4600	1.56638
4601	1.56696
4602	1.56614
4603	1.56566
4604	1.56609
4605	1.5656
4606	1.56637
4607	1.56743
4608	1.56666
4609	1.56783
4610	1.56729
4611	1.56745
4612	1.56733
4613	1.56805
4614	1.56743
4615	1.56894
4616	1.56892
4617	1.56946
4618	1.57056
4619	1.57114
4620	1.57104
4621	1.57164
4622	1.57179
4623	1.57224
4624	1.5722
4625	1.57201
4626	1.5727
4627	1.57296
4628	1.57385
4629	1.57391
4630	1.57488
4631	1.57475
4632	1.5749
4633	1.57454
4634	1.57422
4635	1.57549
4636	1.57485
4637	1.57539
4638	1.57641
4639	1.57582
4640	1.57646
4641	1.57612
4642	1.57621
4643	1.57547
4644	1.57664
4645	1.57697
4646	1.57669
4647	1.5775
4648	1.5769
4649	1.57761
4650	1.5787
4651	1.57913
4652	1.57854
4653	1.57954
4654	1.57839
4655	1.5783
4656	1.5789
4657	1.57862
4658	1.5785
4659	1.57952
4660	1.5785
4661	1.57875
4662	1.57939
4663	1.57933
4664	1.58032
4665	1.57887
4666	1.57941
4667	1.57987
4668	1.57989
4669	1.58028
4670	1.58055
4671	1.58071
4672	1.57923
4673	1.57944
4674	1.58005
4675	1.5799
4676	1.58027
4677	1.57903
4678	1.57929
4679	1.57944
4680	1.58012
4681	1.57847
4682	1.57914
4683	1.57821
4684	1.57896
4685	1.5787
4686	1.5791
4687	1.5791
4688	1.57951
4689	1.57949
4690	1.57914
4691	1.57872
4692	1.57802
4693	1.57832
4694	1.57834
4695	1.57883
4696	1.57855
4697	1.57816
4698	1.57834
4699	1.57802
4700	1.57868
4701	1.57905
4702	1.57921
4703	1.579
4704	1.58015
4705	1.58124
4706	1.58121
4707	1.58226
4708	1.58159
4709	1.58065
4710	1.58213
4711	1.58152
4712	1.58112
4713	1.58145
4714	1.58195
4715	1.58149
4716	1.58198
4717	1.5818
4718	1.582
4719	1.58162
4720	1.58246
4721	1.58254
4722	1.58261
4723	1.58139
4724	1.58235
4725	1.58342
4726	1.58406
4727	1.58387
4728	1.5843
4729	1.58403
4730	1.58401
4731	1.58357
4732	1.58385
4733	1.5835
4734	1.58287
4735	1.58355
4736	1.58273
4737	1.58315
4738	1.58238
4739	1.58325
4740	1.5821
4741	1.58271
4742	1.5836
4743	1.58405
4744	1.58469
4745	1.58396
4746	1.58423
4747	1.58434
4748	1.58345
4749	1.58396
4750	1.58463
4751	1.58504
4752	1.58585
4753	1.58477
4754	1.58504
4755	1.58549
4756	1.58676
4757	1.58709
4758	1.58687
4759	1.58737
4760	1.58673
4761	1.58731
4762	1.58744
4763	1.58795
4764	1.58784
4765	1.58727
4766	1.58916
4767	1.58931
4768	1.58944
4769	1.58949
4770	1.58939
4771	1.58936
4772	1.58961
4773	1.58991
4774	1.59133
4775	1.59137
4776	1.5918
4777	1.59221
4778	1.5916
4779	1.59167
4780	1.59196
4781	1.59274
4782	1.59163
4783	1.59213
4784	1.5916
4785	1.59284
4786	1.5926
4787	1.59183
