10 0.1695 0.0593 0.029 
20 0.1361 0.0402 0.01765 
30 0.115733 0.0317 0.0141 
40 0.104675 0.025975 0.009475 
50 0.09322 0.02296 0.0085 
60 0.0885 0.0202833 0.00816667 
70 0.0816143 0.0169 0.00665714 
80 0.077 0.0152375 0.00515 
90 0.0717111 0.0148111 0.00513333 
100 0.07071 0.01421 0.00446 
110 0.0701364 0.012 0.00392727 
120 0.0644167 0.0113083 0.00374167 
130 0.0625538 0.0117385 0.00335385 
140 0.06085 0.0104143 0.00328571 
150 0.0593 0.00946667 0.00312667 
160 0.0584625 0.00921875 0.00284375 
170 0.0553471 0.00937647 0.00262941 
180 0.0524833 0.00852778 0.00253889 
190 0.0535579 0.00816316 0.00251579 
200 0.050745 0.00746 0.002075 
210 0.0522048 0.00774286 0.00253333 
220 0.0489909 0.00703182 0.00210455 
230 0.0495 0.00648696 0.00211739 
240 0.0478708 0.00667917 0.00204583 
250 0.045388 0.006576 0.001876 
260 0.0459538 0.00635385 0.00163462 
270 0.044837 0.00616667 0.00169259 
280 0.0453286 0.00581071 0.0019 
290 0.0405414 0.00546207 0.0017 
300 0.0432367 0.00536667 0.00147333 
310 0.0428032 0.00540323 0.00141935 
320 0.0415688 0.00532813 0.00149688
330 0.0406879 0.00503939 0.00154545
340 0.0390824 0.00514706 0.00130882
350 0.04162 0.00498571 0.00136857
360 0.0387722 0.00484722 0.00134722
370 0.0395054 0.00475676 0.00122432
380 0.0388447 0.00441316 0.00134737
390 0.0381718 0.00417949 0.00131026
400 0.0368625 0.0044475 0.00123
410 0.0376512 0.00451463 0.00127805 
420 0.0371119 0.00419048 0.00103571 
430 0.0356349 0.00416047 0.00111628 
440 0.0358659 0.00412955 0.00116818 
450 0.0346289 0.00411333 0.000988889
460 0.0370413 0.00388696 0.00112391 
470 0.0354851 0.00390638 0.00105957 
480 0.0347958 0.00350417 0.000989583
490 0.0347673 0.00352041 0.000973469
500 0.034564 0.003596 0.000952 
510 0.0338824 0.00354314 0.00101961 
520 0.0346596 0.00350769 0.000888462
530 0.0319019 0.00347736 0.00090566 
540 0.0335593 0.00342593 0.00095 
550 0.0310055 0.00338182 0.000925455
560 0.0306571 0.0033375 0.000939286 
570 0.0311526 0.00340877 0.000826316
580 0.0326638 0.00347069 0.000943103
590 0.0305051 0.00321356 0.000877966
600 0.0309017 0.00300833 0.000813333
610 0.0316639 0.0032623 0.000809836 
620 0.0307839 0.00276774 0.000745161
630 0.029281 0.0030254 0.000747619 
640 0.0301125 0.00303594 0.000776563
650 0.0303969 0.00293077 0.000761538
660 0.0280939 0.00281515 0.000784848
670 0.0286194 0.00306269 0.000816418
680 0.0277603 0.00267941 0.000714706
690 0.0285319 0.00281449 0.000685507
700 0.0290943 0.00276 0.000742857 
710 0.0294127 0.00261831 0.000659155
720 0.0271847 0.00276389 0.000706944
730 0.0279781 0.00255479 0.000689041
740 0.0267905 0.00274324 0.000631081
750 0.0272013 0.002696 0.00064 
760 0.0276066 0.00249605 0.000652632
770 0.0277442 0.00239481 0.000611688
780 0.0277641 0.00255769 0.000653846
790 0.0275278 0.00236709 0.000621519
800 0.0277775 0.0025575 0.00059125 
810 0.027616 0.00228025 0.000582716 
820 0.0273512 0.00238537 0.000640244
830 0.0276867 0.0021988 0.000575904 
840 0.0267369 0.00242381 0.000575 
850 0.0269565 0.00225529 0.00054 
860 0.0259116 0.00220581 0.000544186
870 0.0249069 0.00225057 0.000577011
880 0.0269398 0.00246591 0.000601136
890 0.0253944 0.00221798 0.000577528
900 0.0251422 0.00212111 0.00053 
910 0.0241879 0.00221978 0.000561538
920 0.0246174 0.00209348 0.00058913 
930 0.0256129 0.00213333 0.000560215
940 0.0253883 0.00229468 0.000520213
950 0.0252568 0.00220316 0.000495789
960 0.0243802 0.00215625 0.0005375 
970 0.024533 0.00207938 0.00048866 
980 0.0236378 0.00213571 0.000534694
990 0.0238303 0.00200303 0.000520202
1000 0.024009 0.001963 0.00049 